77.8455 0
78.8495 0
79.8536 0
80.8576 0
81.9218 0
82.9256 0
83.9296 0
84.9336 0
85.9376 0
86.9417 0
87.9458 0
88.9497 0
89.9537 0
90.9581 0
91.9618 0
92.9658 0
93.9698 0
94.9738 0
95.9778 0
96.9822 0
97.9876 0
98.9899 0
99.9942 0
100.998 0
102.002 0
103.006 0
104.01 0
105.014 0
106.018 0
107.022 0
108.052 0
109.054 0
110.058 0
111.064 0
112.066 0
113.07 0
114.074 0
115.09 0
116.094 0
117.098 0
118.102 0
119.106 0
120.11 0
121.114 0
122.118 0
123.122 0
124.126 0
125.13 0
126.134 0
127.138 0
128.142 0
129.146 0
130.15 0
131.154 0
132.158 0
133.163 0
134.167 0
135.171 0
136.176 0
137.179 0
138.183 0
139.187 0
140.195 0
141.202 0
142.203 0
143.207 0
144.214 0
145.215 0
146.219 0
147.223 0
148.227 0
149.231 0
150.235 0
151.235 0
152.235 0
153.235 0
154.235 0
155.235 0
156.235 0
157.235 0
158.235 0
159.235 0
160.235 0
161.235 0
162.235 0
163.235 0
164.235 0
165.235 0
166.236 0
167.235 0
168.236 0
169.235 0
170.235 0
171.235 0
172.235 0
173.235 0
174.235 0
175.235 0
176.235 0
177.235 0
178.235 0
179.235 0
180.235 0
181.235 0
182.235 0
183.234 0
184.234 0
185.239 0
186.239 0
187.238 0
188.238 0
189.238 0
190.239 0
191.238 0
192.238 0
193.238 0
194.238 0
195.238 0
196.238 0
197.238 0
198.238 0
199.238 0
200.238 0
201.238 0
202.238 0
203.238 0
204.243 0
205.242 0
206.243 0
207.242 0
208.246 0
209.246 0
210.246 0
211.246 0
212.246 0
213.246 0
214.246 0
215.246 0
216.247 0
217.247 0
218.246 0
219.246 0
220.247 0
221.25 0
222.25 0
223.251 0
224.25 0
225.254 0
226.26 0
227.262 0
228.262 0
229.267 0
230.27 0
231.274 0
232.279 0
233.282 0
234.286 0
235.29 0
236.294 0
237.298 0
238.302 0
239.306 0
240.31 0
241.314 0
242.318 0
243.322 0
244.326 0
245.33 0
246.334 0
247.339 0
248.342 0
249.346 0
250.35 0
251.354 0
252.358 0
253.366 0
254.366 0
255.37 0
256.374 0
257.378 0
258.382 0
259.386 0
260.39 0
261.394 0
262.398 0
263.402 0
264.406 0
265.41 0
266.414 0
267.418 0
268.424 0
269.426 0
270.43 0
271.434 0
272.438 0
273.442 0
274.446 0
275.451 0
276.454 0
277.458 0
278.463 0
279.466 0
280.47 0
281.551 0
282.555 0
283.558 0
284.563 0
285.567 0
286.571 0
287.575 0
288.579 0
289.583 0
290.587 0
291.592 0
292.595 0
293.599 0
294.603 0
295.607 0
296.611 0
297.615 0
298.619 0
299.623 0
300.627 0
301.631 0
302.635 0
303.639 0
304.643 0
305.647 0
306.651 0
307.661 0
308.665 0
309.667 0
310.671 0
311.675 0
312.679 0
313.687 0
314.691 0
315.695 0
316.699 0
317.703 0
318.707 0
319.711 0
320.715 0
321.719 0
322.723 0
323.727 0
324.731 0
325.735 0
326.739 0
327.743 0
328.747 0
329.751 0
330.755 0
331.759 0
332.763 0
333.768 0
334.771 0
335.775 0
336.779 0
337.787 0
338.791 0
339.795 0
340.799 0
341.807 0
342.811 0
343.816 0
344.819 0
345.823 0
346.827 0
347.831 0
348.836 0
349.839 0
350.843 0
351.847 0
352.851 0
353.855 0
354.859 0
355.863 0
356.867 0
357.871 0
358.875 0
359.879 0
360.883 0
361.887 0
362.891 0
363.895 0
364.899 0
365.907 0
366.907 0
367.911 0
368.916 0
369.919 0
370.924 1
371.927 0
372.931 0
373.935 0
374.939 0
375.943 0
376.947 0
377.952 1
378.955 0
379.96 0
380.963 0
381.967 0
382.972 1
383.975 0
384.98 0
385.983 0
386.987 0
387.991 0
389.004 1
390.007 0
391.011 2
392.019 0
393.02 3
394.024 2
395.028 0
396.032 0
397.037 0
398.04 4
399.044 5
400.048 5
401.052 0
402.056 0
403.06 0
404.064 0
405.068 0
406.072 2
407.076 10
408.08 5
409.084 0
410.089 0
411.092 0
412.096 0
413.1 1
414.104 0
415.108 1
416.113 9
417.117 8
418.12 4
419.124 0
420.128 0
421.132 0
422.136 0
423.14 0
424.144 0
425.148 0
426.154 6
427.156 5
428.16 3
429.164 0
430.174 0
431.176 0
432.18 0
433.186 0
434.188 3
435.193 13
436.197 21
437.201 15
438.205 15
439.208 11
440.213 6
441.216 1
442.22 0
443.236 0
444.244 0
445.244 0
446.248 0
447.252 0
448.256 0
449.261 1
450.264 1
451.268 0
452.272 0
453.276 0
454.28 0
455.285 6
456.288 15
457.292 24
458.296 31
459.3 21
460.305 17
461.308 13
462.312 6
463.316 3
464.32 0
465.324 0
466.328 0
467.332 0
468.336 0
469.341 0
470.344 0
471.348 0
472.352 0
473.356 3
474.36 14
475.366 21
476.369 13
477.373 6
478.376 3
479.381 0
480.385 0
481.389 0
482.401 0
483.405 0
484.409 0
485.413 0
486.417 2
487.421 0
488.425 1
489.429 10
490.484 19
491.485 27
492.489 12
493.493 7
494.497 2
495.501 0
496.505 0
497.509 0
498.513 0
499.519 0
500.521 0
501.525 0
502.529 2
503.552 12
504.553 8
505.557 2
506.561 0
507.565 0
508.57 0
509.573 4
510.577 3
511.581 0
512.585 0
513.589 0
514.593 4
515.597 11
516.601 1
517.605 0
518.609 0
519.613 0
520.617 0
521.621 0
522.626 3
523.629 1
524.633 0
525.637 4
526.642 0
527.645 4
528.649 0
529.654 4
530.659 2
531.661 0
532.667 3
533.669 0
534.673 0
535.677 4
536.681 0
537.686 0
538.694 1
539.698 1
540.701 2
541.705 0
542.71 2
543.713 1
544.717 3
545.721 0
546.726 0
547.735 3
548.738 0
549.742 4
550.745 3
551.75 0
552.754 0
553.758 5
554.762 0
555.766 0
556.77 6
557.774 0
558.778 0
559.782 2
560.786 0
561.876 6
562.878 2
563.882 0
564.902 3
565.906 0
566.91 0
567.915 3
568.918 0
569.922 3
570.926 0
571.93 2
572.934 0
573.938 2
574.942 0
575.966 3
576.97 0
577.974 1
578.986 2
579.99 0
580.994 1
581.998 0
583.002 0
584.007 1
585.011 0
586.014 1
587.018 0
588.022 1
589.027 0
590.026 0
591.03 1
592.059 1
593.062 0
594.067 1
595.07 0
596.074 1
597.078 0
598.082 5
599.086 0
600.09 0
601.104 6
602.106 2
603.114 0
604.114 0
605.119 4
606.127 1
607.13 0
608.135 2
609.138 3
610.142 0
611.146 0
612.151 4
613.154 4
614.158 0
615.162 0
616.166 5
617.171 5
618.175 0
619.178 0
620.184 0
621.187 7
622.191 0
623.195 0
624.199 0
625.203 7
626.207 4
627.211 0
628.22 0
629.223 0
630.228 7
631.231 2
632.236 0
633.24 0
634.243 4
635.247 0
636.251 0
637.256 5
638.26 0
639.263 0
640.267 2
641.271 0
642.275 3
643.288 3
644.291 0
645.295 0
646.299 2
647.303 1
648.307 0
649.311 0
650.315 0
651.32 2
652.328 0
653.337 6
654.339 0
655.343 0
656.35 0
657.351 1
658.355 1
659.359 0
660.365 3
661.367 0
662.371 4
663.375 0
664.38 4
665.384 0
666.387 0
667.392 3
668.395 0
669.399 2
670.403 0
671.408 3
672.411 0
673.416 3
674.419 1
675.423 0
676.428 2
677.434 0
678.439 5
679.44 1
680.444 0
681.448 2
682.452 0
683.456 0
684.46 1
685.464 2
686.468 0
687.472 0
688.476 0
689.48 0
690.484 1
691.488 0
692.492 2
693.496 0
694.5 0
695.504 0
696.508 2
697.512 0
698.516 0
699.52 0
700.525 2
701.528 1
702.542 1
703.544 0
704.548 1
705.552 0
706.557 3
707.561 1
708.565 2
709.569 2
710.573 0
711.577 2
712.581 0
713.613 2
714.617 1
715.621 2
716.626 0
717.629 1
718.641 7
719.645 0
720.65 0
721.653 0
722.657 8
723.661 1
724.665 0
725.669 0
726.673 0
727.677 8
728.681 1
729.686 0
730.689 0
731.693 2
732.697 0
733.701 1
734.706 0
735.709 0
736.713 2
737.717 0
738.721 0
739.729 0
740.729 2
741.733 0
742.738 3
743.741 0
744.746 1
745.752 0
746.754 2
747.758 0
748.762 1
749.766 1
750.77 0
751.774 2
752.789 0
753.79 1
754.794 0
755.798 0
756.802 0
757.809 2
758.81 2
759.814 0
760.818 0
761.824 6
762.826 0
763.834 0
764.836 4
765.834 0
766.838 0
767.925 4
768.926 0
769.93 0
770.935 2
771.939 0
773.001 3
774.002 0
775.006 0
776.011 1
777.017 0
778.019 2
779.022 0
780.026 0
781.031 0
782.034 0
783.039 1
784.043 0
785.047 0
786.051 0
787.056 0
788.059 0
789.063 0
790.067 0
791.071 0
792.075 0
793.079 0
794.083 0
795.089 0
796.092 0
797.095 0
798.099 0
799.103 0
800.111 0
801.111 0
802.115 0
803.119 0
804.124 1
805.128 0
806.135 0
807.144 0
808.147 0
809.151 0
810.155 1
811.159 0
812.163 1
813.167 0
814.171 0
815.175 0
816.179 0
817.183 1
818.199 3
819.203 0
820.214 3
821.216 0
822.219 0
823.223 0
824.228 0
825.243 1
826.244 1
827.248 2
828.252 0
829.256 0
830.26 1
831.272 1
832.276 1
833.28 1
834.289 2
835.315 2
836.316 1
837.322 3
838.324 0
839.328 0
840.332 0
841.336 1
842.34 2
843.344 0
844.348 4
845.352 0
846.356 0
847.36 0
848.364 1
849.37 2
850.372 0
851.377 0
852.38 0
853.384 0
854.388 0
855.393 0
856.396 0
857.4 1
858.404 0
859.41 2
860.412 0
861.416 0
862.42 0
863.425 1
864.429 0
865.433 0
866.437 1
867.441 1
868.445 0
869.449 1
870.454 1
871.459 2
872.461 0
873.465 3
874.469 0
875.473 2
876.477 1
877.481 0
878.485 1
879.489 0
880.493 0
881.497 1
882.501 0
883.505 0
884.509 0
885.513 0
886.517 1
887.521 0
888.525 0
889.529 0
890.533 0
891.538 0
892.541 0
893.545 0
894.549 1
895.553 0
896.557 1
897.561 0
898.565 0
899.569 2
900.573 2
901.587 1
902.59 1
903.597 0
904.598 3
905.601 0
906.606 0
907.611 3
908.615 0
909.618 0
910.622 1
911.626 0
912.63 4
913.635 0
914.638 0
915.642 2
916.646 0
917.65 0
918.655 0
919.658 3
920.662 0
921.669 2
922.67 0
923.674 0
924.678 0
925.682 0
926.686 0
927.69 0
928.695 0
929.698 0
930.702 0
931.706 0
932.71 0
933.71 1
934.714 0
935.718 0
936.722 0
937.726 0
938.73 0
939.734 0
940.748 4
941.75 0
942.754 2
943.758 0
944.763 0
945.767 0
946.77 2
947.774 2
948.778 0
949.783 1
950.786 2
951.792 0
952.795 1
953.799 1
954.802 1
955.807 0
956.811 0
957.815 1
958.819 1
959.823 0
960.827 1
961.831 0
962.835 1
963.839 0
964.844 0
965.847 0
966.851 0
967.855 0
968.859 1
969.863 0
970.867 0
971.871 0
972.875 0
973.879 1
974.883 0
975.887 0
976.891 0
977.896 3
978.899 0
979.903 0
980.907 1
981.911 1
982.916 2
983.919 0
984.923 0
985.927 1
986.939 1
987.939 0
988.943 1
989.947 0
990.951 0
991.955 0
992.959 0
993.971 1
994.972 1
995.975 1
996.98 0
997.984 1
998.987 0
999.992 0
1001 1
1002 0
1003 0
1004.01 1
1005.01 0
1006.02 0
1007.02 0
1008.02 0
1009.03 0
1010.03 0
1011.04 0
1012.04 0
1013.04 0
1014.05 0
1015.05 3
1016.06 0
1017.06 0
1018.06 2
1019.07 0
1020.07 0
1021.08 2
1022.08 0
1023.08 2
1024.09 0
1025.1 0
1026.11 0
1027.11 1
1028.12 0
1029.12 1
1030.13 0
1031.13 1
1032.16 2
1033.16 0
1034.16 1
1035.17 1
1036.17 0
1037.18 1
1038.18 0
1039.18 1
1040.19 0
1041.19 0
1042.2 0
1043.2 1
1044.2 0
1045.21 0
1046.22 0
1047.22 0
1048.22 1
1049.23 0
1050.23 0
1051.24 0
1052.24 4
1053.25 0
1054.26 0
1055.26 3
1056.26 0
1057.26 2
1058.27 0
1059.27 0
1060.28 2
1061.28 2
1062.28 0
1063.3 0
1064.3 1
1065.3 2
1066.31 2
1067.35 1
1068.36 1
1069.36 1
1070.36 0
1071.37 2
1072.37 1
1073.38 0
1074.38 0
1075.38 0
1076.39 0
1077.39 0
1078.4 0
1079.4 0
1080.41 0
1081.41 0
1082.41 1
1083.42 0
1084.42 1
1085.43 0
1086.43 1
1087.44 0
1088.44 0
1089.44 0
1090.45 0
1091.45 0
1092.45 0
1093.46 1
1094.46 0
1095.47 1
1096.47 0
1097.47 1
1098.48 0
1099.48 2
1100.49 0
1101.49 0
1102.49 1
1103.5 0
1104.5 2
1105.51 1
1106.52 2
1107.52 0
1108.53 3
1109.53 1
1110.53 1
1111.54 0
1112.54 1
1113.55 1
1114.55 1
1115.56 1
1116.56 0
1117.57 1
1118.57 0
1119.57 1
1120.58 0
1121.58 0
1122.59 0
1123.59 0
1124.59 0
1125.6 0
1126.6 0
1127.61 0
1128.61 0
1129.61 0
1130.61 0
1131.62 0
1132.62 0
1133.63 0
1134.63 0
1135.63 0
1136.64 0
1137.64 0
1138.65 0
1139.65 0
1140.65 0
1141.66 0
1142.66 0
1143.67 0
1144.67 0
1145.68 0
1146.68 0
1147.69 0
1148.69 2
1149.69 0
1150.7 4
1151.7 0
1152.71 1
1153.71 2
1154.71 0
1155.72 2
1156.72 0
1157.73 1
1158.73 0
1159.73 1
1160.75 2
1161.75 0
1162.75 0
1163.76 0
1164.76 1
1165.77 0
1166.77 0
1167.77 2
1168.78 0
1169.78 0
1170.79 0
1171.79 0
1172.8 1
1173.8 0
1174.8 1
1175.81 0
1176.81 0
1177.81 1
1178.83 0
1179.83 0
1180.83 0
1181.84 0
1182.84 0
1183.84 0
1184.85 4
1185.85 0
1186.86 0
1187.86 0
1188.86 0
1189.87 1
1190.87 0
1191.88 1
1192.88 0
1193.88 0
1194.89 2
1195.89 0
1196.9 0
1197.9 0
1198.9 0
1199.91 1
1200.91 0
1201.92 0
1202.93 1
1203.93 0
1204.94 0
1205.94 0
1206.94 1
1207.95 0
1208.96 2
1209.96 0
1210.96 2
1211.97 0
1212.97 1
1213.98 1
1214.98 0
1216 1
1217.01 1
1218.01 0
1219.02 0
1220.02 1
1221.02 0
1222.03 1
1223.03 0
1224.04 0
1225.04 1
1226.05 1
1227.06 0
1228.06 0
1229.06 0
1230.06 1
1231.07 1
1232.07 0
1233.08 0
1234.08 0
1235.08 0
1236.09 1
1237.1 0
1238.1 1
1239.1 1
1240.11 0
1241.11 0
1242.12 0
1243.12 0
1244.13 0
1245.13 0
1246.14 0
1247.14 1
1248.15 0
1249.16 0
1250.16 0
