81.9218 1
82.9256 0
83.9296 1
84.9336 0
85.9376 1
86.9417 2
87.9458 3
88.9497 8
89.9537 16
90.9581 16
91.9618 8
92.9658 22
93.9698 55
94.9738 64
95.9778 79
96.9822 80
97.9876 82
98.9899 85
99.9942 85
100.998 93
102.002 92
103.006 96
104.01 102
105.014 95
106.018 94
107.022 108
108.052 103
109.054 113
110.058 102
111.064 113
112.066 106
113.07 111
114.074 106
115.09 93
116.094 116
117.098 106
118.102 126
119.106 101
120.11 115
121.114 123
122.118 110
123.122 101
124.126 111
125.13 121
126.134 115
127.138 112
128.142 109
129.146 115
130.15 106
131.154 140
132.158 105
133.163 105
134.167 114
135.171 125
136.176 127
137.179 107
138.183 130
139.187 109
140.195 116
141.202 126
142.203 130
143.207 109
144.214 118
145.215 108
146.219 113
147.223 145
148.227 116
149.231 125
150.235 111
151.235 112
152.235 127
153.235 119
154.235 130
155.235 107
156.235 134
157.235 134
158.235 133
159.235 114
160.235 123
161.235 123
162.235 109
163.235 121
164.235 114
165.235 120
166.236 126
167.235 109
168.236 137
169.235 114
170.235 111
171.235 116
172.235 142
173.235 122
174.235 118
175.235 130
176.235 112
177.235 134
178.235 126
179.235 133
180.235 106
181.235 124
182.235 131
183.234 131
184.234 117
185.239 145
186.238 116
187.238 120
188.238 141
189.238 139
190.239 126
191.238 140
192.238 139
193.238 137
194.238 136
195.238 131
196.238 137
197.238 133
198.238 128
199.238 140
200.238 142
201.238 120
202.238 143
203.238 129
204.243 122
205.242 143
206.243 140
207.242 133
208.246 142
209.246 135
210.246 142
211.246 129
212.246 150
213.246 144
214.246 134
215.246 147
216.247 157
217.247 110
218.246 148
219.246 148
220.247 141
221.25 133
222.25 147
223.251 147
224.25 144
225.254 142
226.26 131
227.262 159
228.262 131
229.267 132
230.27 145
231.274 148
232.279 170
233.282 138
234.286 158
235.29 160
236.294 153
237.298 134
238.302 152
239.306 149
240.31 154
241.314 156
242.318 135
243.322 154
244.326 147
245.33 162
246.334 145
247.339 153
248.342 152
249.346 163
250.35 146
251.354 155
252.358 144
253.366 159
254.366 152
255.37 131
256.374 158
257.378 162
258.382 147
259.386 142
260.39 158
261.394 157
262.398 149
263.402 151
264.406 164
265.41 146
266.414 158
267.418 147
268.424 150
269.426 150
270.43 172
271.434 156
272.438 169
273.442 156
274.446 167
275.451 169
276.454 164
277.458 163
278.463 147
279.466 171
280.47 154
281.551 161
282.555 170
283.558 169
284.563 190
285.567 160
286.571 177
287.575 175
288.579 174
289.583 185
290.587 176
291.592 200
292.595 191
293.599 170
294.603 190
295.607 195
296.611 188
297.615 203
298.619 150
299.623 216
300.627 201
301.631 214
302.635 197
303.639 172
304.643 205
305.647 181
306.651 199
307.661 209
308.665 204
309.667 210
310.671 231
311.675 209
312.679 192
313.687 191
314.691 236
315.695 193
316.699 211
317.703 194
318.707 200
319.711 224
320.715 187
321.719 197
322.723 201
323.727 205
324.731 211
325.735 249
326.739 161
327.743 279
328.747 162
329.751 219
330.755 238
331.759 209
332.763 221
333.768 222
334.771 232
335.775 262
336.779 178
337.787 252
338.791 247
339.795 247
340.799 252
341.807 228
342.811 246
343.816 251
344.819 256
345.823 216
346.827 268
347.831 231
348.836 318
349.839 211
350.843 265
351.847 347
352.851 144
353.855 281
354.859 223
355.863 255
356.867 316
357.871 211
358.875 334
359.879 209
360.883 300
361.887 228
362.891 290
363.895 290
364.899 313
365.907 243
366.907 284
367.911 285
368.916 318
369.919 187
370.924 365
371.927 333
372.931 115
373.935 228
374.939 243
375.943 303
376.947 346
377.952 321
378.955 351
379.96 134
380.963 249
381.967 286
382.972 567
383.975 87
384.98 234
385.983 328
386.987 334
387.991 429
389.004 572
390.007 144
391.011 546
392.019 180
393.02 680
394.024 302
395.028 100
396.032 236
397.037 343
398.04 705
399.044 906
400.048 38
401.052 52
402.056 77
403.06 217
404.064 253
405.068 283
406.072 507
407.076 1226
408.08 174
409.084 26
410.089 46
411.092 178
412.096 257
413.1 272
414.104 304
415.108 416
416.113 1280
417.117 629
418.12 233
419.124 19
420.128 10
421.132 82
422.136 177
423.14 243
424.144 277
425.148 297
426.154 921
427.156 879
428.16 34
429.164 49
430.174 124
431.176 230
432.18 289
433.186 361
434.188 582
435.193 1458
436.197 120
437.201 12
438.205 687
439.208 925
440.213 129
441.216 17
442.22 4
443.236 38
444.244 122
445.244 203
446.248 196
447.252 230
448.256 250
449.261 353
450.264 676
451.268 89
452.272 222
453.276 316
454.28 486
455.285 1123
456.288 1065
457.292 0
458.296 0
459.3 380
460.305 429
461.308 834
462.312 488
463.316 480
464.32 4
465.324 21
466.328 95
467.332 138
468.336 205
469.341 232
470.344 234
471.348 251
472.352 251
473.356 633
474.36 1559
475.366 0
476.369 1130
477.373 4
478.376 6
479.381 21
480.385 95
481.389 187
482.401 225
483.405 294
484.409 211
485.413 390
486.417 540
487.421 229
488.425 498
489.429 1393
490.484 506
491.485 0
492.489 230
493.493 900
494.497 803
495.501 45
496.505 120
497.509 202
498.513 246
499.519 260
500.521 249
501.525 426
502.529 512
503.552 1473
504.553 292
505.557 15
506.561 48
507.565 205
508.57 215
509.573 688
510.577 776
511.581 46
512.585 179
513.589 312
514.593 708
515.597 1065
516.601 115
517.605 114
518.609 236
519.613 306
520.617 480
521.621 327
522.626 738
523.629 597
524.633 223
525.637 635
526.642 228
527.645 779
528.649 184
529.654 762
530.659 591
531.661 210
532.667 527
533.669 346
534.673 225
535.677 696
536.681 338
537.686 479
538.694 452
539.698 493
540.701 668
541.705 502
542.709 626
543.713 509
544.717 823
545.721 500
546.726 345
547.735 928
548.738 236
549.742 760
550.745 615
551.75 150
552.754 238
553.758 900
554.762 143
555.766 341
556.77 944
557.774 230
558.778 312
559.782 773
560.786 243
561.876 1002
562.878 401
563.882 203
564.902 548
565.906 379
566.91 269
567.915 768
568.918 262
569.922 649
570.926 390
571.93 554
572.934 235
573.938 634
574.942 357
575.966 698
576.97 492
577.974 363
578.986 606
579.99 485
580.994 558
581.998 485
583.002 452
584.007 705
585.011 342
586.014 730
587.018 316
588.022 787
589.027 232
590.026 526
591.03 662
592.059 592
593.062 577
594.067 621
595.07 321
596.074 755
597.078 241
598.082 958
599.086 302
600.09 288
601.104 942
602.106 310
603.114 191
604.114 313
605.119 743
606.127 491
607.13 193
608.135 484
609.138 984
610.142 102
611.146 268
612.151 782
613.154 438
614.158 119
615.162 267
616.166 817
617.17 855
618.175 81
619.178 208
620.184 316
621.187 1081
622.191 56
623.195 238
624.199 296
625.203 1077
626.207 527
627.211 78
628.22 207
629.223 312
630.228 1056
631.231 435
632.236 145
633.24 245
634.243 753
635.247 246
636.251 239
637.256 882
638.26 250
639.263 228
640.267 656
641.271 249
642.275 628
643.288 953
644.291 69
645.295 239
646.299 566
647.303 527
648.307 209
649.311 287
650.315 515
651.32 649
652.328 296
653.337 929
654.339 216
655.343 357
656.35 640
657.351 482
658.355 766
659.359 260
660.365 695
661.367 294
662.371 772
663.375 259
664.38 777
665.384 319
666.387 340
667.392 664
668.395 338
669.399 558
670.403 372
671.408 645
672.411 378
673.416 650
674.419 614
675.423 186
676.428 532
677.434 355
678.439 784
679.44 235
680.444 464
681.448 610
682.452 420
683.456 485
684.46 505
685.464 551
686.468 580
687.472 334
688.476 647
689.48 368
690.484 835
691.488 235
692.492 571
693.496 263
694.5 653
695.504 387
696.508 725
697.512 276
698.516 600
699.52 306
700.525 720
701.528 335
702.542 437
703.544 527
704.548 671
705.552 266
706.557 628
707.561 400
708.565 573
709.569 618
710.573 365
711.577 569
712.581 524
713.613 588
714.617 401
715.621 603
716.626 473
717.629 492
718.641 986
719.645 124
720.65 285
721.653 319
722.657 1236
723.661 223
724.665 155
725.669 288
726.673 382
727.677 1203
728.681 58
729.686 158
730.689 309
731.693 735
732.697 186
733.701 477
734.706 617
735.709 291
736.713 683
737.717 372
738.721 446
739.729 464
740.729 648
741.733 380
742.738 634
743.741 561
744.746 392
745.752 431
746.754 456
747.758 425
748.762 381
749.766 462
750.77 489
751.774 602
752.789 450
753.79 525
754.794 553
755.798 362
756.802 465
757.809 602
758.81 833
759.814 129
760.818 259
761.824 1004
762.826 113
763.834 273
764.836 666
765.834 288
766.838 251
767.925 827
768.926 377
769.93 230
770.935 462
771.939 352
773.001 654
774.002 400
775.006 295
776.011 543
777.017 398
778.019 521
779.022 459
780.026 341
781.031 500
782.034 593
783.039 383
784.043 546
785.047 453
786.051 446
787.056 548
788.059 509
789.063 463
790.067 557
791.071 540
792.075 460
793.079 574
794.083 594
795.089 519
796.092 477
797.095 626
798.099 353
799.103 477
800.111 563
801.111 450
802.115 575
803.119 470
804.124 734
805.128 272
806.135 478
807.144 549
808.147 444
809.151 485
810.155 494
811.159 595
812.163 558
813.167 317
814.171 566
815.175 447
816.179 663
817.183 393
818.199 680
819.203 308
820.214 613
821.216 311
822.219 438
823.223 487
824.228 574
825.243 478
826.244 440
827.248 587
828.252 380
829.256 519
830.26 524
831.272 581
832.276 509
833.28 434
834.289 698
835.315 477
836.316 422
837.322 661
838.324 383
839.328 559
840.332 337
841.336 664
842.34 569
843.344 394
844.348 757
845.352 320
846.356 278
847.36 607
848.364 423
849.37 606
850.372 409
851.377 364
852.38 505
853.384 312
854.388 642
855.393 263
856.396 421
857.4 713
858.404 233
859.41 625
860.412 288
861.416 534
862.42 623
863.425 349
864.429 626
865.433 320
866.437 573
867.441 528
868.445 405
869.449 517
870.454 532
871.459 553
872.461 338
873.465 614
874.469 286
875.473 599
876.477 401
877.481 492
878.485 481
879.489 548
880.493 266
881.497 534
882.501 561
883.505 285
884.509 517
885.513 364
886.517 644
887.521 234
888.525 650
889.529 311
890.533 465
891.538 554
892.541 411
893.545 550
894.549 657
895.553 383
896.557 517
897.561 508
898.565 445
899.569 549
900.573 478
901.587 409
902.59 519
903.597 441
904.598 627
905.601 375
906.606 476
907.611 645
908.615 455
909.618 285
910.622 525
911.626 395
912.63 693
913.635 317
914.638 444
915.642 585
916.646 375
917.65 437
918.655 484
919.658 686
920.662 261
921.669 565
922.67 258
923.674 431
924.678 574
925.682 468
926.686 486
927.69 502
928.695 519
929.698 528
930.702 437
931.706 621
932.71 295
933.71 529
934.714 727
935.718 245
936.722 497
937.726 318
938.73 659
939.734 313
940.748 783
941.75 195
942.754 538
943.758 345
944.763 366
945.767 413
946.77 478
947.774 528
948.778 269
949.783 528
950.786 557
951.792 428
952.795 511
953.799 520
954.802 504
955.807 345
956.811 469
957.815 469
958.819 511
959.823 444
960.827 501
961.831 446
962.835 469
963.839 417
964.844 472
965.847 529
966.851 447
967.855 401
968.859 601
969.863 433
970.867 390
971.871 570
972.875 307
973.879 786
974.883 199
975.887 478
976.891 309
977.896 669
978.899 319
979.903 487
980.907 401
981.911 375
982.916 576
983.919 380
984.923 499
985.927 384
986.939 387
987.939 398
988.943 681
989.947 284
990.951 474
991.955 439
992.959 489
993.971 524
994.972 510
995.975 532
996.98 361
997.984 430
998.987 561
999.992 383
1001 518
1002 467
1003 495
1004.01 529
1005.01 396
1006.02 320
1007.02 522
1008.02 492
1009.03 365
1010.03 512
1011.04 506
1012.04 330
1013.04 581
1014.05 435
1015.05 733
1016.06 263
1017.06 437
1018.06 546
1019.07 387
1020.07 408
1021.08 536
1022.08 321
1023.08 576
1024.09 410
1025.1 365
1026.11 482
1027.11 540
1028.12 352
1029.12 606
1030.13 392
1031.13 495
1032.16 657
1033.16 330
1034.16 544
1035.17 401
1036.17 401
1037.18 499
1038.18 405
1039.18 479
1040.19 460
1041.19 518
1042.2 382
1043.2 470
1044.2 518
1045.21 462
1046.22 467
1047.22 402
1048.22 683
1049.23 246
1050.23 459
1051.24 386
1052.24 704
1053.25 183
1054.26 398
1055.26 676
1056.26 283
1057.26 499
1058.27 247
1059.27 440
1060.28 580
1061.28 555
1062.28 233
1063.3 477
1064.3 464
1065.3 545
1066.31 486
1067.35 423
1068.36 445
1069.36 555
1070.36 336
1071.37 569
1072.37 383
1073.38 401
1074.38 519
1075.38 454
1076.39 356
1077.39 495
1078.4 456
1079.4 364
1080.41 491
1081.41 440
1082.41 450
1083.42 486
1084.42 403
1085.43 445
1086.43 559
1087.44 230
1088.44 436
1089.44 420
1090.45 489
1091.45 421
1092.45 433
1093.46 661
1094.46 206
1095.47 567
1096.47 221
1097.47 592
1098.48 252
1099.48 613
1100.49 272
1101.49 471
1102.49 463
1103.5 443
1104.5 564
1105.51 391
1106.52 511
1107.52 295
1108.53 655
1109.53 296
1110.53 450
1111.54 336
1112.54 453
1113.55 572
1114.55 403
1115.56 458
1116.56 341
1117.57 562
1118.57 306
1119.57 497
1120.58 428
1121.58 440
1122.59 442
1123.59 414
1124.59 517
1125.6 326
1126.6 474
1127.61 445
1128.61 478
1129.61 500
1130.61 359
1131.62 497
1132.62 385
1133.63 392
1134.63 520
1135.63 424
1136.64 495
1137.64 457
1138.65 502
1139.65 351
1140.65 383
1141.66 502
1142.66 525
1143.67 264
1144.67 492
1145.68 303
1146.68 560
1147.69 274
1148.69 621
1149.69 292
1150.7 757
1151.7 153
1152.71 384
1153.71 501
1154.71 256
1155.72 590
1156.72 290
1157.73 456
1158.73 371
1159.73 463
1160.75 549
1161.75 410
1162.75 337
1163.76 564
1164.76 348
1165.77 475
1166.77 322
1167.77 448
1168.78 431
1169.78 438
1170.79 477
1171.79 441
1172.8 508
1173.8 521
1174.8 366
1175.81 539
1176.81 261
1177.81 540
1178.83 349
1179.83 506
1180.83 301
1181.84 447
1182.84 590
1183.84 305
1184.85 703
1185.85 228
1186.86 235
1187.86 482
1188.86 245
1189.87 650
1190.87 227
1191.88 461
1192.88 459
1193.88 280
1194.89 495
1195.89 443
1196.9 228
1197.9 407
1198.9 393
1199.91 507
1200.91 325
1201.92 528
1202.93 367
1203.93 423
1204.94 505
1205.94 306
1206.94 660
1207.95 218
1208.96 454
1209.96 257
1210.96 526
1211.97 331
1212.97 531
1213.98 418
1214.98 407
1216 627
1217.01 332
1218.01 384
1219.02 556
1220.02 440
1221.02 386
1222.03 503
1223.03 395
1224.04 471
1225.04 505
1226.05 421
1227.06 401
1228.06 402
1229.06 507
1230.06 442
1231.07 414
1232.07 458
1233.08 370
1234.08 410
1235.08 422
1236.09 500
1237.1 409
1238.1 493
1239.1 484
1240.11 328
1241.11 488
1242.12 482
1243.12 341
1244.13 597
1245.13 260
1246.14 550
1247.14 441
1248.15 248
1249.16 433
1250.16 443
1251.16 228
