80.4262 0
81.4261 0
82.4262 0
83.4261 0
84.4261 0
85.4261 0
86.4261 0
87.4301 0
88.4301 0
89.43 0
90.43 0
91.43 0
92.43 0
93.4311 0
94.43 0
95.43 0
96.4299 0
97.4299 0
98.4299 0
99.4299 0
100.43 0
101.43 0
102.43 0
103.43 0
104.43 0
105.43 0
106.43 0
107.43 0
108.43 0
109.43 0
110.43 0
111.43 0
112.43 0
113.43 0
114.43 0
115.43 0
116.43 0
117.43 0
118.43 0
119.43 0
120.43 0
121.43 0
122.43 0
123.43 0
124.43 0
125.43 0
126.43 0
127.43 0
128.43 0
129.43 0
130.43 0
131.43 0
132.43 0
133.429 0
134.43 0
135.434 0
136.439 0
137.442 0
138.446 0
139.451 0
140.454 0
141.458 0
142.462 0
143.466 0
144.47 0
145.474 0
146.478 0
147.482 0
148.486 0
149.49 0
150.494 0
151.498 0
152.502 0
153.507 0
154.511 0
155.515 0
156.519 0
157.523 0
158.527 0
159.527 0
160.531 0
161.535 0
162.541 0
163.543 0
164.549 0
165.551 0
166.559 0
167.563 0
168.567 0
169.571 0
170.575 0
171.579 0
172.583 0
173.587 0
174.591 0
175.596 0
176.6 0
177.604 0
178.608 0
179.612 0
180.616 0
181.621 0
182.624 0
183.628 0
184.632 0
185.636 0
186.64 0
187.644 0
188.648 0
189.652 0
190.656 0
191.66 0
192.664 0
193.671 0
194.672 0
195.698 0
196.7 0
197.704 0
198.785 0
199.789 0
200.792 0
201.797 0
202.801 0
203.805 0
204.809 0
205.813 0
206.817 0
207.825 0
208.829 0
209.833 0
210.837 0
211.841 0
212.845 0
213.849 0
214.853 0
215.857 0
216.862 0
217.866 0
218.869 0
219.873 0
220.877 0
221.881 0
222.885 0
223.889 0
224.893 0
225.897 0
226.901 0
227.905 0
228.91 0
229.913 0
230.917 0
231.921 0
232.925 0
233.929 0
234.934 0
235.94 0
236.944 0
237.946 0
238.95 0
239.954 0
240.958 0
241.962 0
242.966 0
243.97 0
244.974 0
245.978 0
246.982 0
247.986 0
248.99 0
249.994 0
250.998 0
252.003 0
253.006 0
254.01 0
255.015 0
256.018 0
257.022 0
258.026 0
259.03 0
260.034 0
261.038 0
262.043 0
263.046 0
264.054 0
265.062 0
266.062 0
267.066 0
268.07 0
269.074 0
270.078 0
271.082 0
272.086 0
273.09 0
274.094 0
275.098 0
276.102 0
277.106 0
278.11 0
279.119 0
280.122 0
281.127 0
282.131 0
283.135 0
284.139 0
285.143 0
286.147 0
287.153 0
288.155 0
289.159 0
290.163 0
291.167 0
292.171 0
293.175 0
294.179 0
295.184 0
296.187 0
297.188 0
298.193 0
299.195 0
300.199 0
301.203 0
302.207 0
303.211 0
304.215 0
305.219 0
306.223 0
307.227 0
308.232 0
309.235 0
310.24 0
311.243 0
312.247 0
313.251 0
314.255 0
315.259 0
316.263 0
317.267 0
318.272 0
319.275 0
320.279 0
321.283 0
322.287 0
323.291 0
324.295 0
325.299 0
326.303 0
327.307 0
328.311 0
329.315 0
330.319 0
331.323 0
332.327 0
333.331 0
334.335 0
335.34 0
336.343 0
337.347 0
338.351 0
339.355 0
340.359 0
341.363 0
342.367 0
343.371 0
344.376 0
345.385 0
346.388 0
347.391 0
348.396 0
349.4 0
350.404 0
351.407 0
352.412 0
353.417 0
354.419 0
355.424 0
356.428 0
357.431 0
358.435 0
359.44 0
360.444 0
361.448 0
362.452 0
363.456 0
364.46 0
365.464 0
366.468 0
367.479 0
368.48 0
369.484 0
370.49 0
371.492 0
372.496 0
373.5 0
374.506 0
375.508 0
376.512 2
377.516 0
378.521 1
379.524 0
380.528 0
381.536 0
382.536 1
383.54 1
384.544 1
385.548 0
386.552 0
387.556 0
388.56 0
389.564 0
390.568 0
391.572 0
392.576 4
393.58 0
394.584 0
395.588 0
396.592 0
397.597 0
398.6 7
399.604 0
400.608 0
401.612 0
402.616 0
403.62 0
404.625 0
405.628 2
406.632 3
407.637 0
408.64 0
409.644 0
410.649 0
411.653 0
412.656 5
413.661 5
414.664 2
415.668 0
416.672 0
417.676 0
418.68 0
419.684 0
420.688 0
421.694 0
422.696 0
423.7 5
424.704 0
425.708 0
426.712 0
427.716 2
428.72 10
429.725 19
430.728 25
431.732 12
432.736 8
433.74 5
434.744 0
435.748 0
436.752 0
437.756 0
438.76 0
439.764 0
440.768 0
441.772 0
442.776 0
443.78 0
444.784 0
445.788 9
446.792 18
447.796 13
448.8 10
449.804 8
450.808 5
451.812 0
452.816 0
453.82 0
454.824 0
455.83 0
456.832 0
457.836 0
458.84 0
459.845 3
460.848 6
461.852 16
462.856 25
463.86 16
464.865 12
465.868 9
466.873 6
467.876 1
468.944 0
469.948 0
470.952 0
471.956 0
472.96 0
473.964 0
474.968 0
475.972 0
476.976 0
477.981 6
478.984 16
479.989 22
480.992 11
481.996 7
483.001 2
484.004 0
485.008 0
486.012 0
487.016 0
488.02 0
489.024 0
490.028 0
491.032 1
492.036 0
493.041 9
494.044 19
495.052 26
496.052 14
497.056 9
498.064 5
499.064 0
500.068 0
501.072 0
502.076 0
503.08 0
504.084 1
505.088 0
506.092 0
507.097 3
508.1 0
509.104 0
510.109 3
511.112 4
512.117 13
513.121 24
514.124 10
515.128 6
516.132 0
517.136 0
518.14 0
519.144 0
520.148 0
521.152 0
522.156 0
523.16 0
524.164 0
525.168 0
526.172 0
527.186 2
528.189 7
529.199 2
530.2 0
531.204 0
532.208 0
533.212 3
534.217 0
535.22 0
536.224 6
537.228 4
538.232 0
539.236 3
540.24 0
541.245 2
542.248 0
543.254 3
544.272 0
545.278 1
546.28 0
547.293 2
548.298 0
549.323 4
550.325 0
551.328 0
552.332 0
553.336 0
554.34 1
555.345 1
556.351 0
557.352 0
558.356 1
559.36 0
560.365 0
561.368 3
562.372 0
563.376 0
564.38 3
565.384 0
566.388 0
567.392 0
568.396 0
569.434 6
570.436 0
571.446 2
572.449 0
573.452 0
574.472 4
575.476 0
576.48 0
577.484 5
578.488 0
579.493 0
580.496 0
581.5 2
582.504 0
583.508 2
584.512 0
585.516 1
586.52 1
587.524 0
588.528 0
589.534 2
590.537 0
591.54 0
592.545 1
593.544 0
594.548 0
595.552 0
596.557 3
597.56 0
598.564 2
599.564 0
600.569 6
601.572 0
602.577 0
603.58 1
604.58 0
605.613 6
606.616 0
607.616 0
608.62 2
609.624 0
610.629 4
611.628 0
612.632 0
613.633 3
614.636 0
615.64 0
616.659 6
617.66 0
618.66 0
619.684 4
620.684 0
621.684 0
622.689 2
623.695 0
624.696 2
625.696 1
626.7 0
627.701 4
628.704 0
629.705 0
630.708 8
631.708 0
632.712 0
633.712 0
634.713 1
635.717 0
636.717 3
637.72 0
638.721 0
639.72 0
640.724 2
641.724 0
642.724 4
643.728 0
644.728 0
645.729 3
646.732 0
647.736 0
648.74 2
649.744 0
650.748 2
651.752 0
652.756 3
653.76 0
654.765 1
655.774 0
656.777 5
657.781 0
658.785 0
659.795 5
660.797 0
661.811 2
662.813 0
663.825 3
664.829 0
665.833 1
666.837 3
667.842 0
668.845 0
669.849 0
670.853 0
671.857 2
672.861 0
673.865 1
674.869 0
675.873 0
676.877 0
677.881 0
678.885 0
679.889 0
680.893 2
681.899 0
682.902 1
683.905 0
684.917 5
685.917 0
686.922 1
687.925 0
688.929 1
689.933 0
690.937 1
691.949 3
692.95 0
693.955 1
694.968 0
695.97 2
696.974 0
697.978 2
698.982 0
699.986 2
700.99 0
701.994 3
702.998 0
704.002 2
705.017 1
706.018 1
707.022 1
708.026 1
709.03 1
710.034 0
711.038 0
712.042 1
713.046 1
714.05 0
715.055 3
716.058 0
717.063 0
718.066 2
719.071 0
720.075 0
721.078 5
722.082 0
723.086 0
724.091 0
725.095 1
726.098 1
727.103 0
728.107 2
729.11 0
730.114 1
731.119 0
732.123 4
733.127 0
734.131 0
735.135 5
736.139 0
737.143 0
738.147 1
739.151 0
740.155 4
741.159 0
742.174 1
743.175 0
744.179 7
745.183 0
746.187 1
747.191 0
748.195 0
749.2 1
750.203 0
751.213 1
752.215 2
753.219 3
754.223 0
755.227 0
756.232 0
757.235 1
758.239 4
759.243 0
760.247 0
761.251 0
762.263 3
763.263 0
764.267 0
765.271 1
766.275 1
767.279 0
768.283 0
769.288 2
770.291 0
771.296 2
772.299 0
773.304 1
774.308 0
775.312 1
776.316 1
777.32 0
778.324 2
779.328 0
780.332 4
781.336 0
782.34 0
783.348 0
784.352 0
785.356 1
786.36 1
787.364 0
788.368 3
789.372 0
790.378 1
791.38 0
792.384 3
793.388 0
794.392 0
795.396 0
796.401 1
797.404 0
798.408 3
799.412 0
800.417 0
801.42 1
802.424 0
803.428 0
804.435 0
805.436 0
806.44 0
807.444 0
808.448 0
809.452 0
810.456 0
811.46 0
812.464 0
813.48 3
814.48 0
815.484 2
816.489 0
817.492 3
818.496 0
819.5 2
820.504 1
821.508 0
822.512 1
823.516 0
824.52 0
825.524 1
826.53 0
827.532 1
828.537 1
829.541 0
830.545 3
831.549 0
832.553 1
833.557 0
834.561 0
835.565 0
836.569 1
837.573 0
838.578 0
839.581 1
840.585 0
841.589 1
842.593 0
843.597 0
844.601 0
845.605 0
846.611 0
847.613 0
848.617 0
849.621 0
850.625 0
851.63 0
852.635 0
853.637 1
854.641 0
855.645 1
856.65 0
857.653 1
858.657 0
859.662 3
860.673 0
861.673 3
862.677 0
863.681 0
864.685 2
865.689 0
866.694 2
867.698 0
868.701 0
869.705 0
870.713 1
871.718 2
872.721 0
873.725 2
874.729 0
875.733 2
876.737 0
877.741 1
878.752 1
879.753 0
880.758 1
881.761 0
882.776 2
883.777 0
884.782 2
885.786 1
886.797 1
887.798 2
888.801 0
889.805 0
890.817 2
891.817 0
892.821 2
893.825 0
894.83 0
895.833 0
896.837 0
897.841 0
898.846 0
899.851 0
900.854 0
901.858 0
902.862 0
903.866 0
904.875 0
905.878 2
906.882 0
907.886 2
908.899 0
909.902 0
910.906 0
911.91 4
912.914 0
913.918 0
914.922 0
915.926 0
916.93 0
917.934 0
918.938 1
919.942 0
920.947 4
921.952 0
922.954 0
923.958 0
924.962 1
925.966 0
926.97 0
927.974 4
928.979 0
929.982 1
930.987 0
931.99 0
932.994 3
933.998 0
935.002 2
936.006 0
937.01 0
938.015 0
939.019 1
940.022 0
941.028 2
942.03 0
943.034 0
944.038 1
945.042 0
946.047 2
947.05 0
948.054 0
949.058 0
950.062 0
951.066 0
952.07 0
953.074 0
954.078 0
955.082 0
956.09 1
957.09 0
958.094 0
959.098 0
960.103 0
961.106 1
962.11 0
963.114 0
964.122 0
965.126 0
966.132 0
967.134 3
968.138 0
969.144 2
970.146 1
971.151 0
972.155 0
973.158 1
974.162 0
975.166 1
976.171 1
977.174 0
978.191 1
979.195 1
980.199 0
981.211 2
982.215 0
983.219 2
984.223 0
985.248 3
986.251 0
987.255 0
988.259 1
989.263 0
990.267 1
991.271 0
992.275 0
993.279 1
994.283 0
995.287 0
996.291 0
997.295 0
998.299 0
999.303 0
1000.31 0
1001.31 0
1002.32 3
1003.32 0
1004.32 4
1005.33 0
1006.33 3
1007.34 0
1008.34 0
1009.34 1
1010.35 1
1011.35 1
1012.35 1
1013.36 1
1014.39 2
1015.39 0
1016.4 2
1017.4 0
1018.4 1
1019.41 0
1020.42 0
1021.42 0
1022.42 0
1023.43 0
1024.43 0
1025.44 0
1026.44 0
1027.44 0
1028.45 0
1029.45 0
1030.45 2
1031.46 0
1032.46 0
1033.47 1
1034.47 0
1035.47 0
1036.48 3
1037.49 0
1038.5 1
1039.51 0
1040.51 1
1041.53 1
1042.54 0
1043.55 1
1044.55 1
1045.55 0
1046.56 2
1047.56 0
1048.56 0
1049.57 1
1050.57 0
1051.58 0
1052.58 0
1053.58 0
1054.59 4
1055.59 0
1056.6 2
1057.6 0
1058.6 0
1059.61 0
1060.62 0
1061.62 1
1062.62 2
1063.63 0
1064.63 2
1065.64 0
1066.64 2
1067.64 0
1068.65 2
1069.65 0
1070.66 0
1071.66 0
1072.67 0
1073.67 0
1074.67 0
1075.68 0
1076.68 0
1077.68 0
1078.69 0
1079.69 0
1080.7 0
1081.7 0
1082.7 0
1083.71 0
1084.71 1
1085.72 0
1086.72 0
1087.72 1
1088.73 0
1089.73 1
1090.74 0
1091.74 0
1092.75 2
1093.75 0
1094.75 1
1095.76 0
1096.76 0
1097.76 0
1098.77 0
1099.77 0
1100.78 0
1101.78 0
1102.78 0
1103.79 3
1104.79 0
1105.8 2
1106.8 0
1107.82 3
1108.82 0
1109.83 1
1110.83 0
1111.84 2
1112.84 0
1113.84 0
1114.85 1
1115.85 0
1116.86 2
1117.86 0
1118.88 2
1119.88 0
1120.88 0
1121.89 3
1122.89 0
1123.9 0
1124.9 0
1125.91 0
1126.91 3
1127.92 0
1128.92 1
1129.92 0
1130.93 0
1131.93 0
1132.94 1
1133.94 0
1134.94 2
1135.95 0
1136.95 0
1137.96 0
1138.96 3
1139.96 0
1140.97 0
1141.97 1
1142.98 0
1143.98 0
1144.98 0
1145.99 1
1147 0
1148 1
1149 0
1150.01 0
1151.01 0
1152.02 1
1153.03 0
1154.05 1
1155.05 0
1156.06 2
1157.06 0
1158.06 0
1159.07 0
1160.07 0
1161.08 0
1162.08 0
1163.08 0
1164.09 0
1165.09 0
1166.1 0
1167.1 0
1168.1 0
1169.11 0
1170.11 0
1171.12 0
1172.12 0
1173.12 0
1174.13 0
1175.13 0
1176.14 0
1177.14 2
1178.14 0
1179.15 0
1180.15 1
1181.16 1
1182.16 0
1183.16 1
1184.17 0
1185.17 2
1186.18 0
1187.18 1
1188.18 0
1189.19 0
1190.19 0
1191.2 0
1192.2 0
1193.21 0
1194.21 0
1195.22 1
1196.22 1
1197.22 0
1198.23 0
1199.23 0
1200.24 3
1201.24 0
1202.25 2
1203.25 0
1204.26 0
1205.26 0
1206.26 0
1207.27 0
1208.27 0
1209.28 1
1210.28 0
1211.29 1
1212.29 0
1213.29 3
1214.3 0
1215.3 1
1216.3 0
1217.31 1
1218.31 0
1219.32 1
1220.32 0
1221.32 1
1222.33 0
1223.33 0
1224.34 0
1225.34 1
1226.34 0
1227.35 0
1228.35 0
1229.36 0
1230.36 0
1231.36 0
1232.37 0
1233.37 1
1234.38 0
1235.38 0
1236.38 0
1237.39 0
1238.39 0
1239.4 0
1240.4 0
1241.4 0
1242.41 0
1243.41 0
1244.42 0
1245.42 0
1246.43 0
1247.44 0
1248.44 0
1249.44 0
1250.45 0
1251.45 0
1252.46 0
1253.46 3
1254.46 1
1255.47 0
1256.47 1
1257.48 0
1258.48 2
1259.48 0
1260.49 1
1261.49 0
1262.5 1
1263.5 0
1264.5 0
1265.51 1
1266.52 0
1267.52 0
1268.52 0
1269.52 0
1270.53 0
1271.53 0
1272.54 0
1273.54 0
1274.54 0
1275.55 0
1276.55 0
1277.56 0
1278.56 0
1279.56 0
1280.57 0
1281.57 0
1282.58 0
1283.58 0
1284.58 0
