84.4261 1
85.4261 0
86.4261 1
87.4301 0
88.4301 1
89.43 1
90.43 2
91.43 4
92.43 9
93.4311 17
94.43 12
95.43 10
96.4299 22
97.4299 50
98.4299 68
99.4299 67
100.43 76
101.43 77
102.43 71
103.43 89
104.43 93
105.43 92
106.43 98
107.43 97
108.43 92
109.43 100
110.43 105
111.43 111
112.43 112
113.43 111
114.43 103
115.43 120
116.43 119
117.43 115
118.43 113
119.43 114
120.43 121
121.43 106
122.43 120
123.43 120
124.43 108
125.43 116
126.43 117
127.43 123
128.43 123
129.43 119
130.43 125
131.43 108
132.43 111
133.429 122
134.429 119
135.434 117
136.439 119
137.442 122
138.446 117
139.451 122
140.454 119
141.458 135
142.462 114
143.466 134
144.47 135
145.474 102
146.478 135
147.482 115
148.486 133
149.49 121
150.494 130
151.498 133
152.502 116
153.507 121
154.511 129
155.515 127
156.519 125
157.523 116
158.527 117
159.527 130
160.531 109
161.535 129
162.541 131
163.543 111
164.549 110
165.551 134
166.559 117
167.563 123
168.567 124
169.571 131
170.575 134
171.579 114
172.583 113
173.587 124
174.591 139
175.596 121
176.6 134
177.604 122
178.608 128
179.612 126
180.616 131
181.621 122
182.624 145
183.628 112
184.632 131
185.636 131
186.64 118
187.644 134
188.648 123
189.652 120
190.656 136
191.66 142
192.664 115
193.671 146
194.672 125
195.698 137
196.7 114
197.704 150
198.785 126
199.789 140
200.792 135
201.797 131
202.801 143
203.805 150
204.809 133
205.813 141
206.817 138
207.825 139
208.829 121
209.833 144
210.837 124
211.841 134
212.845 141
213.849 134
214.853 118
215.857 133
216.862 151
217.866 131
218.869 132
219.873 123
220.877 154
221.881 151
222.885 126
223.889 119
224.893 141
225.897 134
226.901 133
227.905 145
228.91 152
229.913 134
230.917 140
231.921 135
232.925 146
233.929 136
234.934 140
235.94 121
236.944 148
237.946 147
238.95 128
239.954 151
240.958 146
241.962 147
242.966 127
243.97 160
244.974 121
245.978 154
246.982 134
247.986 133
248.99 150
249.994 153
250.998 129
252.003 154
253.006 154
254.01 122
255.015 168
256.018 136
257.022 157
258.026 133
259.03 139
260.034 147
261.038 141
262.043 134
263.046 162
264.054 137
265.062 161
266.062 151
267.066 135
268.07 159
269.074 147
270.078 150
271.082 134
272.086 147
273.09 131
274.094 141
275.098 154
276.102 148
277.106 142
278.11 154
279.119 141
280.122 151
281.127 160
282.131 115
283.135 163
284.139 152
285.143 153
286.147 153
287.153 140
288.155 150
289.159 155
290.163 141
291.167 143
292.171 137
293.175 184
294.179 150
295.184 157
296.187 166
297.188 149
298.193 163
299.195 174
300.199 120
301.203 158
302.207 146
303.211 146
304.215 162
305.219 153
306.223 148
307.227 159
308.232 161
309.235 148
310.24 156
311.243 149
312.247 172
313.251 170
314.255 152
315.259 149
316.263 167
317.267 158
318.272 187
319.275 178
320.279 153
321.283 166
322.287 177
323.291 156
324.295 149
325.299 170
326.303 182
327.307 144
328.311 180
329.315 168
330.319 172
331.323 172
332.327 197
333.331 175
334.335 205
335.34 206
336.343 153
337.347 192
338.351 187
339.355 227
340.359 176
341.363 196
342.367 220
343.371 175
344.376 219
345.385 192
346.388 147
347.391 215
348.396 199
349.4 200
350.404 204
351.407 181
352.412 191
353.417 225
354.419 203
355.424 191
356.427 222
357.431 188
358.435 211
359.44 219
360.444 196
361.448 239
362.452 195
363.456 223
364.46 251
365.464 234
366.468 236
367.479 225
368.48 287
369.484 202
370.49 286
371.492 233
372.496 266
373.5 312
374.506 194
375.508 304
376.512 354
377.516 121
378.521 343
379.524 197
380.528 288
381.536 279
382.536 309
383.54 272
384.544 281
385.548 242
386.552 259
387.556 302
388.56 295
389.564 324
390.568 272
391.572 332
392.576 601
393.58 28
394.584 123
395.588 204
396.592 240
397.597 304
398.6 958
399.604 297
400.608 16
401.612 89
402.616 207
403.62 233
404.625 308
405.628 450
406.632 886
407.637 39
408.64 69
409.644 215
410.649 218
411.653 261
412.656 860
413.661 865
414.664 13
415.668 18
416.672 96
417.676 203
418.68 246
419.684 243
420.688 363
421.694 610
422.696 213
423.7 799
424.704 327
425.708 156
426.712 257
427.716 577
428.72 1198
429.725 479
430.728 0
431.732 451
432.736 618
433.74 641
434.744 2
435.748 4
436.752 42
437.756 101
438.76 167
439.764 205
440.768 231
441.772 259
442.776 216
443.78 304
444.784 325
445.788 1327
446.792 671
447.796 31
448.8 812
449.804 497
450.808 9
451.812 26
452.816 21
453.82 94
454.824 164
455.83 228
456.832 259
457.836 239
458.84 240
459.845 575
460.848 840
461.852 1038
462.856 0
463.86 66
464.865 544
465.868 842
466.873 639
467.876 2
468.944 7
469.948 58
470.952 121
471.956 160
472.96 227
473.964 235
474.968 206
475.972 261
476.976 275
477.981 949
478.984 1121
479.989 0
480.992 581
481.996 849
483.001 6
484.004 23
485.008 102
486.012 151
487.016 238
488.02 226
489.024 265
490.028 273
491.032 383
492.036 371
493.041 1282
494.044 725
495.052 0
496.052 433
497.056 879
498.064 457
499.064 21
500.068 83
501.072 172
502.076 188
503.08 259
504.084 275
505.088 237
506.092 378
507.097 747
508.1 161
509.104 276
510.109 691
511.112 647
512.117 1219
513.121 117
514.124 256
515.128 1073
516.132 499
517.136 82
518.14 169
519.144 223
520.148 290
521.152 220
522.156 306
523.16 727
524.164 89
525.168 302
526.172 500
527.186 870
528.189 652
529.199 554
530.2 73
531.204 222
532.208 332
533.212 633
534.217 322
535.22 375
536.224 1018
537.228 298
538.232 218
539.236 614
540.24 477
541.245 442
542.248 360
543.254 625
544.272 378
545.278 373
546.28 436
547.293 580
548.298 418
549.323 728
550.325 302
551.328 425
552.332 491
553.336 623
554.34 588
555.345 780
556.351 192
557.352 456
558.356 524
559.36 544
560.365 300
561.368 855
562.372 443
563.376 271
564.38 875
565.384 206
566.388 360
567.392 725
568.396 269
569.434 939
570.436 247
571.446 551
572.449 401
573.452 302
574.472 717
575.476 463
576.48 266
577.484 848
578.488 177
579.493 265
580.496 589
581.5 480
582.504 402
583.508 615
584.512 573
585.516 353
586.52 668
587.524 297
588.528 312
589.534 860
590.537 194
591.54 347
592.545 755
593.544 268
594.548 556
595.552 320
596.557 768
597.56 255
598.564 740
599.564 228
600.569 926
601.572 150
602.577 344
603.58 640
604.58 263
605.613 1039
606.616 143
607.616 281
608.62 718
609.624 209
610.629 777
611.628 259
612.632 304
613.633 792
614.636 406
615.64 267
616.659 1004
617.66 116
618.66 303
619.684 730
620.684 312
621.684 355
622.689 621
623.695 415
624.696 564
625.696 546
626.7 471
627.701 744
628.704 324
629.705 312
630.708 1122
631.708 186
632.712 203
633.712 321
634.713 698
635.717 239
636.717 666
637.72 465
638.721 226
639.72 380
640.724 625
641.724 253
642.724 864
643.728 373
644.728 302
645.729 651
646.732 351
647.736 296
648.74 717
649.744 315
650.748 641
651.752 257
652.756 619
653.76 410
654.765 370
655.774 354
656.777 863
657.781 218
658.785 290
659.795 793
660.797 205
661.811 511
662.813 290
663.825 579
664.829 332
665.833 626
666.837 630
667.842 325
668.845 662
669.849 275
670.853 572
671.857 529
672.861 419
673.865 488
674.869 547
675.873 447
676.877 660
677.881 325
678.885 670
679.889 281
680.893 781
681.899 229
682.902 597
683.905 258
684.917 850
685.917 151
686.922 457
687.925 415
688.929 563
689.933 257
690.937 605
691.949 685
692.95 217
693.955 644
694.968 270
695.97 586
696.974 342
697.978 596
698.982 531
699.986 539
700.99 344
701.994 702
702.998 391
704.002 421
705.017 469
706.018 500
707.022 486
708.026 501
709.03 483
710.034 517
711.038 475
712.042 492
713.046 596
714.05 538
715.055 640
716.058 404
717.063 378
718.066 731
719.071 197
720.075 399
721.078 860
722.082 449
723.086 232
724.091 333
725.095 590
726.098 390
727.103 486
728.107 627
729.11 239
730.114 629
731.119 261
732.123 743
733.127 328
734.131 252
735.135 812
736.139 328
737.143 249
738.147 485
739.151 382
740.155 741
741.159 274
742.174 382
743.175 336
744.179 1024
745.183 139
746.187 380
747.191 391
748.195 260
749.2 534
750.203 410
751.213 548
752.215 545
753.219 781
754.223 165
755.227 318
756.232 429
757.235 344
758.239 880
759.243 153
760.247 401
761.251 262
762.263 748
763.263 360
764.267 469
765.271 528
766.275 639
767.279 223
768.283 407
769.288 616
770.291 254
771.296 634
772.299 285
773.304 662
774.308 210
775.312 534
776.316 559
777.32 328
778.324 666
779.328 338
780.332 774
781.336 323
782.34 284
783.348 493
784.352 444
785.356 593
786.36 420
787.364 368
788.368 759
789.372 360
790.378 424
791.38 416
792.384 666
793.388 426
794.392 288
795.396 459
796.401 486
797.404 453
798.408 639
799.412 399
800.417 297
801.42 614
802.424 276
803.428 549
804.435 514
805.436 488
806.44 586
807.444 311
808.448 574
809.452 351
810.456 669
811.46 374
812.464 440
813.48 597
814.48 302
815.484 604
816.489 357
817.492 621
818.496 263
819.5 463
820.504 345
821.508 488
822.512 595
823.516 299
824.52 538
825.524 429
826.53 417
827.532 591
828.537 473
829.541 446
830.545 591
831.549 259
832.553 590
833.557 278
834.561 471
835.565 346
836.569 555
837.573 431
838.578 453
839.581 495
840.585 500
841.589 532
842.593 500
843.597 346
844.601 433
845.605 628
846.611 342
847.613 470
848.617 466
849.621 456
850.625 610
851.63 349
852.635 579
853.637 570
854.641 333
855.645 655
856.65 335
857.653 615
858.657 300
859.662 689
860.673 221
861.673 656
862.677 363
863.681 259
864.685 856
865.689 148
866.694 466
867.698 337
868.701 356
869.705 524
870.713 496
871.718 546
872.721 381
873.725 635
874.729 251
875.733 565
876.737 310
877.741 519
878.752 583
879.753 407
880.758 339
881.761 529
882.776 529
883.777 379
884.782 649
885.786 382
886.797 530
887.798 453
888.801 347
889.805 514
890.817 591
891.817 350
892.821 550
893.825 375
894.83 436
895.833 533
896.837 384
897.841 500
898.846 481
899.851 551
900.854 483
901.858 540
902.862 466
903.866 456
904.875 538
905.878 532
906.882 346
907.886 537
908.899 249
909.902 641
910.906 261
911.91 697
912.914 244
913.918 451
914.922 411
915.926 463
916.93 606
917.934 407
918.938 587
919.942 274
920.947 787
921.952 193
922.954 285
923.958 472
924.962 687
925.966 358
926.97 262
927.974 767
928.979 284
929.982 498
930.987 502
931.99 432
932.994 686
933.998 210
935.002 507
936.006 428
937.01 288
938.015 498
939.019 496
940.022 481
941.028 551
942.03 417
943.034 255
944.038 573
945.042 436
946.047 532
947.05 404
948.054 480
949.058 497
950.062 433
951.066 443
952.07 489
953.074 569
954.078 281
955.082 559
956.09 565
957.09 330
958.094 532
959.098 587
960.103 292
961.106 728
962.11 208
963.114 320
964.122 616
965.126 424
966.132 291
967.134 685
968.138 344
969.144 524
970.146 394
971.151 426
972.154 437
973.158 527
974.162 387
975.166 435
976.171 438
977.174 550
978.191 438
979.195 417
980.199 474
981.211 506
982.215 336
983.219 509
984.223 399
985.248 618
986.251 253
987.255 489
988.259 454
989.263 421
990.267 536
991.271 436
992.275 426
993.279 476
994.283 517
995.287 458
996.291 333
997.295 475
998.299 422
999.303 490
1000.31 437
1001.31 580
1002.32 537
1003.32 229
1004.32 701
1005.33 184
1006.33 652
1007.34 245
1008.34 289
1009.34 559
1010.35 376
1011.35 360
1012.35 435
1013.36 391
1014.39 603
1015.39 381
1016.4 444
1017.4 417
1018.4 359
1019.41 483
1020.42 304
1021.42 528
1022.42 246
1023.43 461
1024.43 339
1025.44 567
1026.44 317
1027.44 542
1028.45 330
1029.45 477
1030.45 445
1031.46 405
1032.46 434
1033.47 622
1034.47 320
1035.47 479
1036.48 616
1037.49 249
1038.5 513
1039.51 402
1040.51 498
1041.53 424
1042.54 477
1043.55 449
1044.55 503
1045.55 331
1046.56 568
1047.56 389
1048.56 509
1049.57 453
1050.57 326
1051.58 569
1052.58 430
1053.58 315
1054.59 741
1055.59 225
1056.6 545
1057.6 393
1058.6 446
1059.61 411
1060.62 523
1061.62 461
1062.62 516
1063.63 384
1064.63 504
1065.64 336
1066.64 493
1067.64 308
1068.65 504
1069.65 305
1070.66 485
1071.66 319
1072.67 589
1073.67 309
1074.67 570
1075.68 281
1076.68 416
1077.68 564
1078.69 272
1079.69 446
1080.7 404
1081.7 475
1082.7 547
1083.71 343
1084.71 503
1085.72 474
1086.72 282
1087.72 623
1088.73 267
1089.73 720
1090.74 165
1091.74 385
1092.75 514
1093.75 357
1094.75 528
1095.76 328
1096.76 426
1097.76 453
1098.77 527
1099.77 382
1100.78 562
1101.78 282
1102.78 536
1103.79 592
1104.79 236
1105.8 465
1106.8 416
1107.82 547
1108.82 226
1109.83 533
1110.83 383
1111.84 459
1112.84 284
1113.84 427
1114.85 444
1115.85 431
1116.86 598
1117.86 332
1118.88 474
1119.88 317
1120.88 300
1121.89 666
1122.89 483
1123.9 146
1124.9 257
1125.91 367
1126.91 634
1127.92 171
1128.92 379
1129.92 449
1130.93 474
1131.93 406
1132.94 660
1133.94 207
1134.94 491
1135.95 247
1136.95 574
1137.96 246
1138.96 679
1139.96 227
1140.97 415
1141.97 314
1142.98 377
1143.98 447
1144.98 395
1145.99 564
1147 377
1148 465
1149 331
1150.01 464
1151.01 431
1152.02 412
1153.03 490
1154.05 489
1155.05 398
1156.06 579
1157.06 331
1158.06 307
1159.07 446
1160.07 402
1161.08 472
1162.08 484
1163.08 491
1164.09 303
1165.09 509
1166.1 416
1167.1 438
1168.1 483
1169.11 318
1170.11 502
1171.12 351
1172.12 515
1173.12 364
1174.13 458
1175.13 424
1176.14 481
1177.14 553
1178.14 355
1179.15 433
1180.15 595
1181.16 434
1182.16 328
1183.16 530
1184.17 324
1185.17 468
1186.18 386
1187.18 499
1188.18 399
1189.19 455
1190.19 424
1191.2 320
1192.2 529
1193.21 343
1194.21 457
1195.22 506
1196.22 450
1197.22 401
1198.23 531
1199.23 379
1200.24 591
1201.24 219
1202.25 557
1203.25 292
1204.26 512
1205.26 434
1206.26 303
1207.27 627
1208.27 246
1209.28 561
1210.28 268
1211.29 563
1212.29 275
1213.29 584
1214.3 278
1215.3 465
1216.3 331
1217.31 433
1218.31 449
1219.32 414
1220.32 435
1221.32 471
1222.33 321
1223.33 417
1224.34 516
1225.34 407
1226.34 408
1227.35 423
1228.35 479
1229.36 391
1230.36 503
1231.36 426
1232.37 408
1233.37 457
1234.38 387
1235.38 304
1236.38 478
1237.39 492
1238.39 420
1239.4 467
1240.4 435
1241.4 387
1242.41 456
1243.41 506
1244.42 343
1245.42 474
1246.43 333
1247.44 499
1248.44 349
1249.44 480
1250.45 405
1251.45 480
1252.46 349
1253.46 593
1254.46 251
1255.47 529
1256.47 355
1257.48 314
1258.48 573
1259.48 311
1260.49 480
1261.49 340
1262.5 572
1263.5 254
1264.5 414
1265.51 395
1266.52 392
1267.52 371
1268.52 387
1269.52 454
1270.53 403
1271.53 449
1272.54 441
1273.54 442
1274.54 486
1275.55 429
1276.55 470
1277.56 405
1278.56 494
1279.56 293
1280.57 576
1281.57 259
1282.58 427
1283.58 367
1284.58 453
