1 37.1491
2 37.1514
3 37.1
4 37.0604
5 37.0352
6 37.0347
7 37.0336
8 37.035
9 37.0351
10 37.0354
11 37.0672
12 37.0679
13 37.0672
14 37.0654
15 37.0647
16 37.0648
17 37.0645
18 37.0635
19 37.0645
20 37.0648
21 37.063
22 37.0644
23 37.0635
24 37.0643
25 37.0638
26 37.0637
27 37.0644
28 37.0625
29 37.0622
30 37.0618
31 37.0597
32 37.0604
33 37.0601
34 37.0591
35 37.0592
36 37.0581
37 37.059
38 37.0571
39 37.0577
40 37.0572
41 37.0571
42 37.0573
43 37.0579
44 37.0578
45 37.0577
46 37.058
47 37.0582
48 37.0578
49 37.059
50 37.0588
51 37.054
52 37.0528
53 37.0581
54 37.056
55 37.0547
56 37.0563
57 37.0611
58 37.0596
59 37.0593
60 37.0596
61 37.0538
62 37.0555
63 37.0561
64 37.0562
65 37.0591
66 37.0588
67 37.0585
68 37.0586
69 37.0583
70 37.0597
71 37.0596
72 37.0765
73 37.0749
74 37.0755
75 37.0738
76 37.0721
77 37.0734
78 37.0715
79 37.0706
80 37.0701
81 37.0719
82 37.0699
83 37.0673
84 37.0675
85 37.0669
86 37.0667
87 37.0669
88 37.0656
89 37.0652
90 37.0645
91 37.064
92 37.0641
93 37.0639
94 37.0632
95 37.0631
96 37.0616
97 37.062
98 37.061
99 37.0599
100 37.0613
101 37.0595
102 37.0547
103 37.053
104 37.0527
105 37.0563
106 37.0558
107 37.0564
108 37.0557
109 37.0571
110 37.0653
111 37.0616
112 37.0566
113 37.0595
114 37.0596
115 37.0605
116 37.0591
117 37.0598
118 37.0605
119 37.0604
120 37.0596
121 37.0607
122 37.0607
123 37.06
124 37.0597
125 37.0601
126 37.0608
127 37.0601
128 37.059
129 37.0592
130 37.06
131 37.0588
132 37.0582
133 37.0577
134 37.0583
135 37.0579
136 37.0581
137 37.057
138 37.0564
139 37.0563
140 37.0556
141 37.0555
142 37.0557
143 37.0559
144 37.0551
145 37.0541
146 37.0542
147 37.0597
148 37.0608
149 37.0602
150 37.0605
151 37.0581
152 37.0589
153 37.0578
154 37.0581
155 37.0568
156 37.0567
157 37.0574
158 37.0572
159 37.0572
160 37.0552
161 37.0551
162 37.0571
163 37.0574
164 37.0566
165 37.056
166 37.0534
167 37.0535
168 37.0536
169 37.0564
170 37.0563
171 37.0557
172 37.0561
173 37.0557
174 37.0563
175 37.0559
176 37.0576
177 37.0559
178 37.0566
179 37.0547
180 37.0522
181 37.051
182 37.0514
183 37.0513
184 37.0488
185 37.0529
186 37.0532
187 37.0519
188 37.0523
189 37.0521
190 37.0514
191 37.0509
192 37.053
193 37.0508
194 37.0478
195 37.049
196 37.0487
197 37.0486
198 37.0486
199 37.0483
200 37.0476
201 37.0529
202 37.0529
203 37.0526
204 37.0527
205 37.0527
206 37.053
207 37.0528
208 37.0516
209 37.0544
210 37.0519
211 37.0512
212 37.0514
213 37.0511
214 37.051
215 37.0507
216 37.0504
217 37.0515
218 37.0512
219 37.0492
220 37.0481
221 37.0487
222 37.0497
223 37.0494
224 37.0493
225 37.0526
226 37.0502
227 37.0503
228 37.0508
229 37.0507
230 37.0501
231 37.0504
232 37.05
233 37.0527
234 37.0519
235 37.0521
236 37.0524
237 37.051
238 37.0512
239 37.0519
240 37.0503
241 37.0517
242 37.0494
243 37.0502
244 37.0494
245 37.0506
246 37.0504
247 37.0495
248 37.0546
249 37.0549
250 37.055
251 37.0548
252 37.0556
253 37.0551
254 37.0526
255 37.0532
256 37.0536
257 37.055
258 37.0542
259 37.0543
260 37.0506
261 37.0513
262 37.0525
263 37.0504
264 37.0489
265 37.0468
266 37.0379
267 37.0381
268 37.0379
269 37.0437
270 37.072
271 37.0674
272 37.0711
273 37.0471
274 37.0629
275 37.0653
276 37.0654
277 37.0658
278 37.0632
279 37.0628
280 37.0627
281 37.0623
282 37.0614
283 37.0631
284 37.0622
285 37.0617
286 37.0617
287 37.0584
288 37.0588
289 37.0591
290 37.0578
291 37.0589
292 37.0538
293 37.0545
294 37.0613
295 37.0612
296 37.0655
297 37.0642
298 37.0587
299 37.0581
300 37.0614
301 37.0606
302 37.0608
303 37.0597
304 37.0572
305 37.0612
306 37.0597
307 37.0582
308 37.0579
309 37.0526
310 37.0576
311 37.0579
312 37.0582
313 37.0572
314 37.0403
315 37.0535
316 37.0514
317 37.0515
318 37.0514
319 37.0551
320 37.0533
321 37.0537
322 37.0538
323 37.0525
324 37.0529
325 37.0533
326 37.066
327 37.0586
328 37.0642
329 37.0674
330 37.0678
331 37.0681
332 37.0688
333 37.0672
334 37.0675
335 37.0701
336 37.0625
337 37.0666
338 37.0676
339 37.0681
340 37.0662
341 37.0695
342 37.0671
343 37.0665
344 37.0609
345 37.0687
346 37.0634
347 37.0672
348 37.0682
349 37.0703
350 37.0678
351 37.0653
352 37.0682
353 37.0676
354 37.0674
355 37.0625
356 37.0661
357 37.0635
358 37.0589
359 37.064
360 37.0668
361 37.0647
362 37.0613
363 37.0774
364 37.0782
365 37.075
366 37.0777
367 37.081
368 37.0792
369 37.0794
370 37.0814
371 37.0804
372 37.0809
373 37.0795
374 37.0763
375 37.0819
376 37.0685
377 37.0797
378 37.0729
379 37.0785
380 37.0762
381 37.0786
382 37.0836
383 37.0832
384 37.0827
385 37.0807
386 37.0773
387 37.0832
388 37.0811
389 37.0785
390 37.0778
391 37.0801
392 37.0779
393 37.0798
394 37.0806
395 37.0787
396 37.0787
397 37.0793
398 37.0781
399 37.0821
400 37.0818
401 37.0701
402 37.0772
403 37.0756
404 37.0744
405 37.0785
406 37.08
407 37.0768
408 37.0776
409 37.0787
410 37.0787
411 37.0767
412 37.0809
413 37.0809
414 37.0771
415 37.0735
416 37.08
417 37.0752
418 37.0696
419 37.0778
420 37.0787
421 37.075
422 37.0798
423 37.0734
424 37.0794
425 37.0771
426 37.0785
427 37.0673
428 37.0781
429 37.0747
430 37.0755
431 37.0735
432 37.0699
433 37.0756
434 37.0727
435 37.0757
436 37.0679
437 37.0754
438 37.0756
439 37.0747
440 37.074
441 37.0748
442 37.0706
443 37.0671
444 37.0597
445 37.0611
446 37.06
447 37.0577
448 37.0604
449 37.0603
450 37.0602
451 37.0548
452 37.0587
453 37.0646
454 37.0642
455 37.0616
456 37.0583
457 37.0405
458 37.0413
459 37.0587
460 37.0568
461 37.0546
462 37.0523
463 37.0364
464 37.0753
465 37.0751
466 37.0654
467 37.0719
468 37.0652
469 37.0715
470 37.0833
471 37.079
472 37.0827
473 37.0842
474 37.0784
475 37.0729
476 37.0513
477 37.0708
478 37.0779
479 37.0719
480 37.081
481 37.0771
482 37.0809
483 37.0636
484 37.0814
485 37.0805
486 37.0748
487 37.0596
488 37.0552
489 37.054
490 37.0609
491 37.0594
492 37.0591
493 37.0582
494 37.0578
495 37.0552
496 37.0569
497 37.0547
498 37.072
499 37.0686
500 37.067
501 37.0671
502 37.0674
503 37.0551
504 37.0662
505 37.0666
506 37.0652
507 37.0713
508 37.072
509 37.071
510 37.0594
511 37.0588
512 37.063
513 37.0672
514 37.0705
515 37.0552
516 37.0615
517 37.0606
518 37.0702
519 37.071
520 37.0677
521 37.071
522 37.0689
523 37.0709
524 37.0699
525 37.0667
526 37.0663
527 37.0628
528 37.0705
529 37.0649
530 37.0652
531 37.0657
532 37.0669
533 37.0707
534 37.0722
535 37.0665
536 37.0679
537 37.0659
538 37.0641
539 37.071
540 37.0685
541 37.0825
542 37.0827
543 37.0795
544 37.0783
545 37.0762
546 37.0703
547 37.0705
548 37.068
549 37.0524
550 37.0684
551 37.0347
552 37.0654
553 37.0593
554 37.0681
555 37.0662
556 37.0641
557 37.0606
558 37.0721
559 37.0555
560 37.0669
561 37.0681
562 37.0523
563 37.0556
564 37.0734
565 37.0636
566 37.0776
567 37.0671
568 37.0776
569 37.0767
570 37.0776
571 37.0781
572 37.0766
573 37.0658
574 37.0817
575 37.0703
576 37.0776
577 37.0783
578 37.0785
579 37.0766
580 37.0745
581 37.0777
582 37.0774
583 37.0715
584 37.065
585 37.0724
586 37.0717
587 37.0739
588 37.065
589 37.0665
590 37.0643
591 37.0631
592 37.0631
593 37.0602
594 37.0772
595 37.074
596 37.0722
597 37.0704
598 37.0708
599 37.0718
600 37.0748
601 37.0754
602 37.0747
603 37.0721
604 37.0677
605 37.0646
606 37.078
607 37.0781
608 37.0739
609 37.0726
610 37.0712
611 37.0808
612 37.0685
613 37.0744
614 37.0762
615 37.0728
616 37.0791
617 37.0788
618 37.077
619 37.074
620 37.0801
621 37.0753
622 37.0728
623 37.0653
624 37.0213
625 37.0785
626 37.0749
627 37.0747
628 37.0692
629 37.0696
630 37.0698
631 37.0655
632 37.0595
633 37.0599
634 37.0583
635 37.0581
636 37.0681
637 37.0667
638 37.0608
639 37.0723
640 37.0671
641 37.0644
642 37.0773
643 37.076
644 37.0721
645 37.0715
646 37.0689
647 37.0767
648 37.0753
649 37.0745
650 37.0619
651 37.0682
652 37.0664
653 37.0804
654 37.0632
655 37.066
656 37.0717
657 37.0681
658 37.0652
659 37.0782
660 37.0803
661 37.0789
662 37.0804
663 37.0774
664 37.0762
665 37.0768
666 37.0759
667 37.083
668 37.0717
669 37.0677
670 37.0774
671 37.0709
672 37.0697
673 37.0639
674 37.0645
675 37.0733
676 37.0717
677 37.0745
678 37.0697
679 37.0684
680 37.0678
681 37.0627
682 37.0619
683 37.0598
684 37.0596
685 37.0573
686 37.0555
687 37.0569
688 37.0517
689 37.0739
690 37.0753
691 37.08
692 37.0756
693 37.0696
694 37.0781
695 37.0754
696 37.0722
697 37.085
698 37.0814
699 37.086
700 37.0813
701 37.0852
702 37.0809
703 37.0815
704 37.0789
705 37.0766
706 37.0753
707 37.0695
708 37.0682
709 37.0815
710 37.0588
711 37.0812
712 37.0658
713 36.9573
714 37.0853
715 37.0785
716 37.0822
717 37.0621
718 37.0611
719 37.0857
720 37.0796
721 37.0841
722 37.0819
723 37.0817
724 37.0814
725 37.0839
726 37.08
727 37.0814
728 37.0616
729 37.0746
730 37.081
731 37.0833
732 37.0741
733 37.0749
734 37.0838
735 37.0807
736 37.0839
737 37.0819
738 37.0866
739 37.0834
740 37.0829
741 37.083
742 37.0848
743 37.0859
744 37.086
745 37.0849
746 37.0809
747 37.0277
748 37.0668
749 37.0803
750 37.0813
751 37.0799
752 37.0798
753 37.0718
754 37.0719
755 37.0709
756 37.0587
757 37.0781
758 37.0755
759 37.0829
760 37.0825
761 37.0823
762 37.0818
763 37.0812
764 37.0794
765 37.082
766 37.0804
767 37.0717
768 37.0002
769 37.0724
770 37.0756
771 37.0695
772 37.0784
773 37.0801
774 37.0796
775 37.0794
776 37.0793
777 37.0792
778 37.0769
779 37.0806
780 37.0803
781 37.0813
782 37.0797
783 37.0764
784 37.0816
785 37.0825
786 37.0802
787 37.0786
788 37.0746
789 37.0748
790 37.0751
791 37.0724
792 37.0698
793 37.0622
794 37.0736
795 37.0813
796 37.0866
797 37.0713
798 37.0829
799 37.0669
800 37.0835
801 37.0822
802 37.0843
803 37.0111
804 37.0824
805 37.0832
806 37.0398
807 36.9801
808 37.0844
809 37.0798
810 37.0576
811 37.0843
812 37.0808
813 37.0196
814 37.0777
815 37.0745
816 37.0842
817 37.082
818 37.0694
819 37.0812
820 37.0748
821 37.077
822 37.0822
823 37.0809
824 37.0769
825 37.0761
826 37.0653
827 37.0784
828 37.074
829 37.074
830 37.0714
831 37.0667
832 37.0662
833 37.0661
834 37.0571
835 37.0617
836 37.0655
837 37.0623
838 37.0622
839 37.0622
840 37.0663
841 37.0642
842 37.0665
843 37.0714
844 37.0695
845 37.0571
846 37.0638
847 37.0704
848 37.0657
849 37.0659
850 37.0474
851 37.0538
852 37.0879
853 37.0877
854 37.0881
855 37.0794
856 37.0772
857 37.0847
858 37.0876
859 37.0835
860 37.0838
861 37.0759
862 37.0813
863 37.0838
864 37.0821
865 37.0639
866 37.0863
867 37.086
868 37.0841
869 37.0863
870 37.0866
871 37.0813
872 37.0834
873 37.0829
874 37.0769
875 37.0819
876 37.0775
877 37.0825
878 37.0817
879 37.0877
880 37.0777
881 37.081
882 37.0725
883 37.0765
884 37.0662
885 37.0595
886 37.0776
887 37.0708
888 37.0744
889 37.0728
890 37.0652
891 37.0716
892 37.079
893 37.0818
894 37.0633
895 37.075
896 37.078
897 37.0734
898 37.0669
899 37.061
900 37.0651
901 37.0726
902 37.0702
903 37.066
904 37.0607
905 37.0758
906 37.0584
907 37.082
908 37.0855
909 37.0875
910 37.0809
911 37.0794
912 37.0783
913 37.0821
914 37.07
915 37.0861
916 37.0627
917 37.0727
918 37.0762
919 37.0743
920 37.0726
921 37.072
922 37.0734
923 37.0701
924 37.0673
925 37.0626
926 37.0664
927 37.0672
928 37.0643
929 37.0718
930 37.0712
931 37.0741
932 37.0625
933 37.0736
934 37.0873
935 37.0842
936 37.0806
937 37.0848
938 37.0838
939 37.0835
940 37.0749
941 37.0847
942 37.0743
943 37.0518
944 37.0824
945 37.0808
946 37.0799
947 37.0785
948 37.0776
949 37.0764
950 37.0766
951 37.074
952 37.0715
953 37.0649
954 37.0853
955 37.0751
956 36.8943
957 37.0812
958 37.081
959 37.0829
960 37.0817
961 37.0785
962 37.0837
963 37.0821
964 37.0763
965 37.0806
966 37.0836
967 37.0796
968 37.0702
969 37.0762
970 37.0689
971 37.0727
972 37.0775
973 37.0887
974 37.087
975 36.9123
976 37.0732
977 37.0762
978 37.0789
979 37.0733
980 37.0705
981 37.0715
982 37.0816
983 37.0702
984 36.9675
985 37.0764
986 37.0656
987 37.0738
988 37.0831
989 37.0738
990 37.0764
991 37.0814
992 37.0791
993 37.0776
994 37.0848
995 37.0793
996 37.0759
997 37.0698
998 37.0658
999 37.0708
1000 37.0754
1001 37.0796
1002 37.0619
1003 37.085
1004 37.076
1005 37.0773
1006 37.0815
1007 37.0674
1008 37.0861
1009 37.0897
1010 37.0856
1011 37.0786
1012 37.082
1013 37.0657
1014 36.9897
1015 37.0842
1016 37.0751
1017 37.0797
1018 37.0762
1019 37.0795
1020 37.0708
1021 37.0828
1022 37.0866
1023 37.046
1024 37.0841
1025 37.0844
1026 37.0837
1027 37.0847
1028 37.082
1029 37.0818
1030 37.065
1031 37.0839
1032 37.0791
1033 37.0762
1034 37.0891
1035 37.0861
1036 37.0853
1037 37.0848
1038 37.0836
1039 37.0823
1040 37.0793
1041 37.0651
1042 37.0794
1043 37.0783
1044 37.0829
1045 37.082
1046 37.0839
1047 37.0841
1048 37.0836
1049 37.0828
1050 37.0836
1051 37.0829
1052 37.083
1053 37.0828
1054 37.0565
1055 37.0817
1056 37.0793
1057 37.0821
1058 37.0743
1059 37.0741
1060 37.0718
1061 37.0668
1062 37.0758
1063 37.0638
1064 37.0501
1065 37.0764
1066 37.0748
1067 37.081
1068 37.0809
1069 37.081
1070 37.0803
1071 37.0771
1072 37.0793
1073 37.0715
1074 37.0764
1075 37.0777
1076 37.0712
1077 37.0683
1078 37.0727
1079 37.0795
1080 37.0628
1081 37.079
1082 37.0804
1083 37.0866
1084 37.0818
1085 37.0846
1086 37.0819
1087 37.0825
1088 37.0781
1089 37.0842
1090 37.078
1091 37.076
1092 37.0687
1093 37.0721
1094 37.0681
1095 37.0733
1096 37.069
1097 37.0714
1098 37.067
1099 37.0681
1100 37.0704
1101 37.0722
1102 37.0856
1103 37.086
1104 37.0626
1105 37.0862
1106 37.085
1107 37.0882
1108 37.0828
1109 37.0327
1110 37.0703
1111 37.0868
1112 37.0861
1113 37.0859
1114 37.0859
1115 37.0665
1116 37.0657
1117 37.0873
1118 37.0797
1119 37.0896
1120 37.0824
1121 37.0833
1122 37.0893
1123 37.0857
1124 37.0851
1125 37.0821
1126 37.0853
1127 37.0885
1128 37.0848
1129 37.0857
1130 37.0908
1131 37.0677
1132 37.0867
1133 37.077
1134 37.0863
1135 37.0815
1136 37.0827
1137 37.0853
1138 37.0818
1139 37.0902
1140 37.0835
1141 37.0833
1142 37.0772
1143 37.0799
1144 37.0618
1145 37.0752
1146 37.0769
1147 37.0763
1148 37.077
1149 37.0771
1150 37.0779
1151 37.0773
1152 37.077
1153 37.0763
1154 37.0782
1155 37.0719
1156 37.0814
1157 37.077
1158 37.0746
1159 37.0788
1160 37.0747
1161 37.0489
1162 37.0801
1163 37.0836
1164 37.0797
1165 37.0795
1166 37.0777
1167 37.0783
1168 37.0798
1169 37.079
1170 37.0725
1171 37.0802
1172 37.0804
1173 37.0778
1174 37.0802
1175 37.0772
1176 37.0733
1177 37.0746
1178 37.0719
1179 37.0724
1180 37.0743
1181 37.0785
1182 37.0616
1183 37.0714
1184 37.0763
