1 37.2296
2 37.3507
3 36.4729
4 35.5581
5 34.6585
6 33.7713
7 33.0038
8 32.2062
9 31.4138
10 30.6274
11 29.923
12 29.3757
13 28.827
14 28.3109
15 27.8144
16 27.2904
17 26.766
18 26.2371
19 25.4875
20 24.5973
21 23.7116
22 23.0221
23 22.2797
24 21.5751
25 20.7946
26 19.9286
27 19.1119
28 18.3562
29 17.5821
30 16.8291
31 16.0785
32 15.3006
33 14.5622
34 13.8486
35 13.0137
36 12.302
37 11.5841
38 10.8479
39 10.1815
40 9.51269
41 8.7084
42 7.89777
43 7.21321
44 6.52711
45 5.86882
46 5.12913
47 4.33772
48 3.59894
49 2.91917
50 2.2316
51 1.55597
52 0.852467
53 0.50766
54 0.484085
55 0.50058
56 0.506374
57 0.495789
58 0.508446
59 0.537903
60 0.499413
61 0.538284
62 0.5266
63 0.533684
64 0.461853
65 0.468029
66 0.419407
67 0.493614
68 0.454975
69 0.404572
70 0.439701
71 0.438999
72 0.416607
73 0.430588
74 0.431263
75 0.438122
76 0.460129
77 0.447651
78 0.478127
79 0.497734
80 0.438541
81 0.482491
82 0.435493
83 0.446793
84 0.4953
85 0.443127
86 0.503704
87 0.494862
88 0.405922
89 0.405087
90 0.469021
91 0.468357
92 0.436756
93 0.457928
94 0.423557
95 0.400936
96 0.44606
97 0.452621
98 0.437428
99 0.454483
100 0.481087
101 0.463341
102 0.47311
103 0.50486
104 0.470726
105 0.475964
106 0.461052
107 0.421425
108 0.424198
109 0.398605
110 0.404903
111 0.396267
112 0.392563
113 0.456573
114 0.475628
115 0.4533
116 0.407967
117 0.452271
118 0.462063
119 0.457691
120 0.489594
121 0.490082
122 0.486008
123 0.433811
124 0.439358
125 0.450394
126 0.478985
127 0.478977
128 0.486992
129 0.429325
130 0.495461
131 0.445839
132 0.497795
133 0.437046
134 0.423382
135 0.461426
136 0.427376
137 0.502098
138 0.45285
139 0.495007
140 0.50053
141 0.42593
142 0.399281
143 0.426899
144 0.430676
145 0.450203
146 0.46928
147 0.457199
148 0.441357
149 0.472012
150 0.416759
151 0.517166
152 0.445271
153 0.406082
154 0.408409
155 0.4165
156 0.401062
157 0.406815
158 0.488903
159 0.41148
160 0.40958
161 0.456203
162 0.487503
163 0.482922
164 0.483353
165 0.519821
166 0.457329
167 0.463554
168 0.463203
169 0.445702
170 0.419579
171 0.403572
172 0.403988
173 0.401573
174 0.436195
175 0.438503
176 0.52459
177 0.569298
178 0.448807
179 0.440609
180 0.431923
181 0.473312
182 0.479782
183 0.527615
184 0.445038
185 0.464069
186 0.473667
187 0.467422
188 0.467442
189 0.485443
190 0.492828
191 0.488976
192 0.524872
193 0.513084
194 0.482403
195 0.53178
196 0.514217
197 0.46664
198 0.476215
199 0.440392
200 0.451176
201 0.432327
202 0.525665
203 0.52454
204 0.446667
205 0.499283
206 0.45504
207 0.464638
208 0.504665
209 0.433304
210 0.460461
211 0.473011
212 0.516232
213 0.515121
214 0.513603
215 0.52179
216 0.5135
217 0.495197
218 0.48111
219 0.501049
220 0.492126
221 0.478436
222 0.446938
223 0.444172
224 0.52438
225 0.485756
226 0.55862
227 0.561008
228 0.472523
229 0.454044
230 0.522903
231 0.462898
232 0.442951
233 0.631996
234 0.659786
235 0.558586
236 0.57719
237 0.573093
238 0.539158
239 0.513691
240 0.475456
241 0.481316
242 0.541706
243 0.540207
244 0.558468
245 0.521339
246 0.556892
247 0.531868
248 0.464554
249 0.467899
250 0.473881
251 0.507244
252 0.514534
253 0.48019
254 0.459747
255 0.455002
256 0.472321
257 0.485859
258 0.517864
259 0.501316
260 0.473167
261 0.501892
262 0.507732
263 0.439186
264 0.468407
265 0.438843
266 0.418148
267 0.460129
268 0.40958
269 0.440327
270 0.407612
271 0.468365
272 0.436184
273 0.451366
274 0.457291
275 0.480736
276 0.427132
277 0.44313
278 0.449402
279 0.399445
280 0.442291
281 0.426434
282 0.448265
283 0.466236
284 0.482624
285 0.427578
286 0.45636
287 0.406139
288 0.493443
289 0.414387
290 0.464233
291 0.430618
292 0.503548
293 0.472038
294 0.458813
295 0.447781
296 0.496838
297 0.490368
298 0.426525
299 0.450771
300 0.407711
301 0.430538
302 0.468777
303 0.407974
304 0.403816
305 0.432117
306 0.45649
307 0.458534
308 0.487465
309 0.40052
310 0.45705
311 0.44698
312 0.476856
313 0.402348
314 0.404167
315 0.448353
316 0.51128
317 0.406998
318 0.469662
319 0.458263
320 0.392632
321 0.438946
322 0.45763
323 0.435879
324 0.439026
325 0.445599
326 0.526859
327 1.07475
328 1.6408
329 2.1629
330 2.64781
331 3.13822
332 3.60785
333 4.00829
334 4.38363
335 4.73772
336 5.09722
337 5.4267
338 5.65535
339 6.00574
340 6.32227
341 6.60908
342 6.48481
343 5.73849
344 4.99408
345 4.97603
346 5.15423
347 5.34412
348 5.50377
349 5.58084
350 5.72133
351 6.03643
352 6.28217
353 6.54533
354 6.79782
355 7.01247
356 7.19335
357 7.39433
358 7.48886
359 6.73951
360 6.64779
361 6.58517
362 6.21502
363 6.09068
364 6.31515
365 6.58884
366 6.7982
367 6.94305
368 7.12065
369 7.20525
370 7.32122
371 7.40958
372 7.0299
373 6.27526
374 6.16274
375 5.70121
376 5.57927
377 5.44073
378 5.35896
379 5.34689
380 5.44556
381 5.64365
382 5.70296
383 5.73419
384 5.84152
385 5.73759
386 5.65434
387 5.77879
388 5.88863
389 5.42353
390 4.68256
391 4.80884
392 4.96685
393 5.07834
394 5.21299
395 5.28119
396 5.29586
397 5.20141
398 5.10757
399 5.08736
400 5.07105
401 5.04761
402 4.77216
403 4.03339
404 3.48759
405 3.37867
406 3.30836
407 3.1575
408 2.97075
409 2.86179
410 2.81393
411 2.72917
412 2.74281
413 3.02845
414 3.2917
415 3.50421
416 3.70169
417 3.66093
418 3.32279
419 2.59468
420 2.30316
421 2.02411
422 1.8074
423 1.63269
424 1.46111
425 1.32246
426 1.14028
427 0.919731
428 0.726372
429 0.425201
430 0.471199
431 0.431107
432 0.397873
433 0.461311
434 0.434895
435 0.475258
436 0.450451
437 0.481178
438 0.453537
439 0.438061
440 0.516579
441 0.496834
442 0.483288
443 0.440826
444 0.422153
445 0.466354
446 0.497059
447 0.479225
448 0.472424
449 0.446053
450 0.437424
451 0.494015
452 0.492672
453 0.513374
454 0.501873
455 0.485863
456 0.516369
457 0.497074
458 0.484577
459 0.482819
460 0.394348
461 0.430283
462 0.451244
463 0.471653
464 0.873112
465 1.11027
466 1.1391
467 1.16355
468 1.18454
469 1.20965
470 1.25972
471 1.2343
472 1.19866
473 1.26913
474 1.37627
475 1.38305
476 1.47606
477 1.41402
478 1.47075
479 1.374
480 1.51118
481 1.36849
482 1.41312
483 1.43464
484 1.53677
485 1.45794
486 1.46247
487 1.44977
488 1.45852
489 1.24482
490 1.29839
491 1.24594
492 1.11475
493 0.881565
494 0.723396
495 0.706425
496 0.542599
497 0.471012
498 0.43689
499 0.458977
500 0.451153
501 0.474823
502 0.445908
503 0.483021
504 0.468891
505 0.477383
506 0.571327
507 0.548935
508 0.471775
509 0.482311
510 0.433403
511 0.555527
512 0.584743
513 0.656178
514 0.550655
515 0.494949
516 0.51799
517 0.536785
518 0.501144
519 0.576759
520 0.571712
521 0.564957
522 0.741425
523 0.762516
524 0.891445
525 0.744743
526 0.623493
527 0.460705
528 0.410427
529 0.500031
530 0.406944
531 0.452419
532 0.691757
533 0.939102
534 0.728199
535 0.779087
536 0.540623
537 0.518349
538 0.485001
539 0.461285
540 0.446407
541 0.456104
542 0.403889
543 0.432713
544 0.431671
545 0.395454
546 0.407761
547 0.417103
548 0.415543
549 0.419563
550 0.468987
551 0.49992
552 0.498592
553 0.471401
554 0.477673
555 0.427826
556 0.404366
557 0.443565
558 0.538719
559 0.866131
560 1.18571
561 1.3438
562 1.17669
563 1.25249
564 1.01437
565 1.07476
566 0.843395
567 0.816936
568 0.742027
569 0.633152
570 0.570408
571 0.427826
572 0.417118
573 0.455463
574 0.447685
575 0.403111
576 0.497681
577 0.464863
578 0.452629
579 0.417088
580 0.39576
581 0.409138
582 0.395939
583 0.409836
584 0.530922
585 0.546124
586 0.505848
587 0.441799
588 0.449104
589 0.409882
590 0.416153
591 0.465843
592 0.415188
593 0.415016
594 0.611843
595 0.472771
596 0.510109
597 0.468311
598 0.468395
599 0.446087
600 0.506519
601 0.430508
602 0.428097
603 0.429249
604 0.476543
605 0.501926
606 0.50518
607 0.499016
608 0.466278
609 0.448681
610 0.393532
611 0.413364
612 0.475853
613 0.492077
614 0.443295
615 0.460983
616 0.46703
617 0.483707
618 0.443901
619 0.401814
620 0.505676
621 0.470959
622 0.458248
623 0.402748
624 0.505959
625 0.541969
626 0.497738
627 0.454189
628 0.4758
629 0.479839
630 0.441101
631 0.413387
632 0.503963
633 0.450512
634 0.394726
635 0.460541
636 0.499416
637 0.409081
638 0.411629
639 0.433914
640 0.412956
641 0.428356
642 0.472469
643 0.494701
644 0.453693
645 0.46883
646 0.451733
647 0.448421
648 0.44445
649 0.451435
650 0.445
651 0.488079
652 0.537838
653 0.423382
654 0.468616
655 0.424694
656 0.509914
657 0.401077
658 0.487797
659 0.59576
660 0.81353
661 0.623573
662 0.505749
663 0.461502
664 0.438255
665 0.435795
666 0.459454
667 0.455227
668 0.394405
669 0.449429
670 0.475071
671 0.452705
672 0.482151
673 0.430927
674 0.462643
675 0.490448
676 0.477329
677 0.473267
678 0.445614
679 0.472393
680 0.432991
681 0.391464
682 0.400463
683 0.43565
684 0.500931
685 0.519016
686 0.452724
687 0.482025
688 0.449753
689 0.509335
690 0.446465
691 0.444557
692 0.513474
693 0.54377
694 0.571854
695 0.577618
696 0.584312
697 0.539696
698 0.639362
699 1.05693
700 1.02063
701 0.98238
702 0.77869
703 0.644848
704 0.725956
705 0.528545
706 0.512043
707 0.515472
708 0.430729
709 0.422607
710 0.576839
711 0.588493
712 0.700096
713 0.929142
714 0.930576
715 0.799103
716 0.736805
717 0.818722
718 0.9207
719 0.969471
720 1.00655
721 0.998688
722 1.0807
723 1.1109
724 0.949848
725 0.850403
726 0.994801
727 0.882648
728 0.953884
729 1.08213
730 1.02127
731 1.09599
732 1.00735
733 0.916973
734 0.888321
735 0.852081
736 0.908504
737 0.9062
738 0.946831
739 0.927227
740 0.988586
741 1.07196
742 1.14376
743 1.15861
744 1.20999
745 1.20313
746 1.06382
747 0.942558
748 0.831211
749 0.776073
750 0.571728
751 0.559422
752 0.467655
753 0.409904
754 0.48732
755 0.503223
756 0.401829
757 0.458618
758 0.483932
759 0.519958
760 0.63501
761 0.600735
762 0.638306
763 0.592731
764 0.446461
765 0.711334
766 0.540703
767 0.517727
768 0.51857
769 0.480068
770 0.474091
771 0.457962
772 0.434624
773 0.537388
774 0.454678
775 0.434818
776 0.440907
777 0.464973
778 0.469341
779 0.540958
780 0.581558
781 0.585503
782 0.443542
783 0.449955
784 0.419487
785 0.453011
786 0.458347
787 0.447197
788 0.454639
789 0.444183
790 0.452545
791 0.4342
792 0.398933
793 0.506451
794 0.732174
795 1.07748
796 1.30781
797 1.23359
798 1.26213
799 1.17682
800 1.02141
801 0.960018
802 0.956886
803 0.950489
804 0.74509
805 0.802692
806 0.806347
807 0.735535
808 0.593662
809 0.511734
810 0.44112
811 0.514732
812 0.519409
813 0.506786
814 0.518784
815 0.676323
816 1.07905
817 1.07632
818 0.858303
819 0.792229
820 0.767975
821 0.754765
822 0.630859
823 0.51973
824 0.491474
825 0.407993
826 0.404228
827 0.444569
828 0.398071
829 0.398911
830 0.483593
831 0.445751
832 0.467728
833 0.536419
834 0.435432
835 0.522472
836 0.449181
837 0.44981
838 0.430817
839 0.506367
840 0.487598
841 0.483089
842 0.50695
843 0.476177
844 0.484272
845 0.493824
846 0.465557
847 0.470467
848 0.525063
849 0.598869
850 0.596939
851 0.616207
852 0.676258
853 0.595699
854 0.652775
855 0.695259
856 0.683304
857 0.7323
858 0.726757
859 0.76786
860 0.795776
861 0.866993
862 0.830414
863 0.814972
864 0.837833
865 0.847546
866 0.862301
867 0.840122
868 0.900394
869 1.00708
870 1.27771
871 1.30139
872 1.29758
873 0.989426
874 0.834412
875 0.787354
876 0.710075
877 0.58139
878 0.63501
879 0.469357
880 0.459721
881 0.491764
882 0.509705
883 0.44698
884 0.495338
885 0.453587
886 0.491379
887 0.479012
888 0.445595
889 0.45903
890 0.519054
891 0.699284
892 0.807236
893 0.691803
894 0.569466
895 0.468422
896 0.466179
897 0.50769
898 0.536476
899 0.488449
900 0.486572
901 0.527958
902 0.54813
903 0.533669
904 0.55201
905 0.474941
906 0.513447
907 0.849514
908 0.717869
909 0.624962
910 0.542217
911 0.497566
912 0.478951
913 0.567562
914 0.574123
915 0.570034
916 0.484234
917 0.547459
918 0.489483
919 0.50544
920 0.500362
921 0.487152
922 0.455902
923 0.514393
924 0.607712
925 0.611534
926 0.578167
927 0.509148
928 0.517281
929 0.544384
930 0.444214
931 0.454151
932 0.468456
933 0.481838
934 0.826294
935 1.07602
936 1.09333
937 1.11638
938 1.05934
939 1.11086
940 0.934772
941 0.867924
942 0.760979
943 0.707005
944 0.543606
945 0.46537
946 0.475323
947 0.456928
948 0.444786
949 0.477989
950 0.432816
951 0.431412
952 0.422298
953 0.526394
954 0.735058
955 0.672325
956 0.535545
957 0.6343
958 0.523556
959 0.502148
960 0.50713
961 0.480965
962 0.461815
963 0.469189
964 0.563065
965 0.532299
966 0.507175
967 0.544491
968 0.530941
969 0.55183
970 0.525986
971 0.490253
972 0.498928
973 0.647446
974 0.620838
975 0.589645
976 0.443245
977 0.504623
978 0.484974
979 0.398621
980 0.421597
981 0.619877
982 0.584328
983 0.635914
984 0.591492
985 0.521248
986 0.467049
987 0.53466
988 0.538864
989 0.506161
990 0.52726
991 0.54163
992 0.556416
993 0.476112
994 0.557964
995 0.460064
996 0.502296
997 0.439342
998 0.493366
999 0.46172
1000 0.513302
1001 0.453712
1002 0.438892
1003 0.429825
1004 0.437294
1005 0.468697
1006 0.519012
1007 0.518719
1008 0.799957
1009 0.829433
1010 0.775093
1011 0.876598
1012 0.864456
1013 0.914783
1014 0.979332
1015 1.06725
1016 1.12471
1017 1.12909
1018 1.24173
1019 1.2947
1020 1.38603
1021 1.41421
1022 1.40734
1023 1.65638
1024 1.59908
1025 1.6182
1026 1.68725
1027 1.69587
1028 1.79767
1029 1.84259
1030 1.96207
1031 1.98632
1032 2.00924
1033 2.07417
1034 2.20636
1035 2.21656
1036 2.28591
1037 2.33232
1038 2.61319
1039 2.86888
1040 2.84978
1041 2.66099
1042 2.57941
1043 2.49594
1044 2.3401
1045 2.16496
1046 2.03083
1047 1.86013
1048 1.81576
1049 1.67584
1050 1.50348
1051 1.40228
1052 1.27131
1053 1.13598
1054 0.912525
1055 0.837582
1056 0.697601
1057 0.497711
1058 0.408298
1059 0.428177
1060 0.390728
1061 0.422428
1062 0.41082
1063 0.545223
1064 0.454697
1065 0.502831
1066 0.505859
1067 0.520721
1068 0.533298
1069 0.611122
1070 0.508911
1071 0.519188
1072 0.47097
1073 0.458279
1074 0.44273
1075 0.419125
1076 0.434563
1077 0.470078
1078 0.545666
1079 0.509708
1080 0.41124
1081 0.451176
1082 0.539131
1083 0.865234
1084 1.10906
1085 1.26382
1086 1.119
1087 0.984951
1088 0.798943
1089 0.604115
1090 0.486435
1091 0.405052
1092 0.409603
1093 0.450699
1094 0.422462
1095 0.435379
1096 0.486996
1097 0.415428
1098 0.465008
1099 0.530506
1100 0.590267
1101 0.651051
1102 0.714199
1103 0.850834
1104 0.940674
1105 0.949718
1106 1.11866
1107 1.1667
1108 1.21509
1109 1.40123
1110 1.39383
1111 1.52784
1112 1.6574
1113 1.78439
1114 1.91511
1115 2.0708
1116 2.20309
1117 2.30592
1118 2.37881
1119 2.36151
1120 2.58385
1121 2.38089
1122 2.41423
1123 2.45554
1124 2.57415
1125 2.59233
1126 2.59665
1127 2.74259
1128 2.74107
1129 2.8398
1130 2.93922
1131 2.96122
1132 3.14053
1133 3.21748
1134 3.2763
1135 3.29718
1136 3.26641
1137 3.28088
1138 3.28464
1139 3.40728
1140 3.36933
1141 3.37883
1142 3.53523
1143 3.8222
1144 3.80099
1145 3.64202
1146 3.48045
1147 3.34265
1148 3.26037
1149 3.12051
1150 3.03986
1151 2.93154
1152 2.74452
1153 2.61414
1154 2.47004
1155 2.35404
1156 2.23687
1157 2.04814
1158 1.96133
1159 1.81861
1160 1.69165
1161 1.57135
1162 1.444
1163 1.25476
1164 1.08556
1165 0.962345
1166 0.780003
1167 0.829426
1168 1.15198
1169 1.10892
1170 0.970482
1171 0.8647
1172 0.705669
1173 0.563255
1174 0.447613
1175 0.447784
1176 0.474262
1177 0.489586
1178 0.535187
1179 0.566811
1180 0.629799
1181 0.61002
1182 0.526352
1183 0.523125
1184 0.582253
