2.0	216.701
4.0	222.001
6.0	197.385
8.0	202.953
10.0	168.531
12.0	141.456
14.0	147.697
16.0	143.198
18.0	218.972
20.0	222.884
22.0	202.338
24.0	228.514
26.0	228.254
28.0	220.38
30.0	220.276
32.0	215.867
34.0	226.286
36.0	222.478
38.0	204.021
40.0	237.284
42.0	222.209
44.0	206.063
46.0	248.748
48.0	217.078
50.0	218.265
52.0	201.392
54.0	147.364
56.0	170.998
58.0	197.28
60.0	189.583
62.0	228.591
64.0	209.409
66.0	193.969
68.0	203.301
70.0	222.904
72.0	202.747
74.0	205.014
76.0	204.269
78.0	204.887
80.0	205.644
82.0	198.2
84.0	197.978
86.0	225.093
88.0	202.066
90.0	198.866
92.0	190.617
94.0	219.624
96.0	182.646
98.0	214.361
100.0	211.404
102.0	187.008
104.0	191.293
106.0	227.045
108.0	211.487
110.0	159.141
112.0	183.761
114.0	224.364
116.0	199.168
118.0	206.722
120.0	194.041
122.0	220.716
124.0	193.826
126.0	191.471
128.0	210.156
130.0	221.66
132.0	205.759
134.0	201.665
136.0	202.696
138.0	213.13
140.0	201.216
142.0	188.234
144.0	182.559
146.0	208.074
148.0	223.319
150.0	195.571
152.0	206.607
154.0	159.291
156.0	158.448
158.0	199.459
160.0	185.103
162.0	170.315
164.0	161.363
166.0	186.771
168.0	192.043
170.0	173.045
172.0	162.075
174.0	184.389
176.0	193.743
178.0	179.225
180.0	162.849
182.0	187.114
184.0	192.591
186.0	175.067
188.0	162.5
190.0	182.286
192.0	199.095
194.0	168.025
196.0	168.611
198.0	179.259
200.0	193.062
202.0	167.621
204.0	165.633
206.0	161.976
208.0	195.918
210.0	181.195
212.0	163.964
214.0	160.632
216.0	199.211
218.0	182.296
220.0	168.702
222.0	160.922
224.0	195.707
226.0	182.794
228.0	163.2
230.0	159.166
232.0	189.505
234.0	188.582
236.0	166.542
238.0	159.856
240.0	185.975
242.0	191.019
244.0	159.022
246.0	160.365
248.0	182.853
250.0	179.112
252.0	125.052
254.0	124.199
256.0	186.094
258.0	188.151
260.0	194.247
262.0	203.929
264.0	200.301
266.0	198.426
268.0	195.827
270.0	181.44
272.0	185.671
274.0	214.99
276.0	197.326
278.0	201.462
280.0	195.551
282.0	204.239
284.0	190.019
286.0	192.718
288.0	189.478
290.0	220.324
292.0	203.988
294.0	192.843
296.0	191.691
298.0	203.369
300.0	194.549
302.0	196.557
304.0	194.53
306.0	219.458
308.0	186.109
310.0	195.715
312.0	186.707
314.0	207.712
316.0	202.106
318.0	187.278
320.0	185.565
322.0	216.472
324.0	200.858
326.0	188.494
328.0	202.518
330.0	93.961
332.0	83.147
334.0	84.702
336.0	84.69
338.0	85.519
340.0	82.115
342.0	86.722
344.0	78.773
346.0	200.834
348.0	173.618
350.0	113.584
352.0	108.838
354.0	101.037
356.0	82.511
358.0	86.622
360.0	84.84
362.0	168.234
364.0	127.858
366.0	114.027
368.0	90.406
370.0	87.532
372.0	84.376
374.0	82.174
376.0	182.102
378.0	115.11
380.0	114.453
382.0	104.605
384.0	84.856
386.0	87.183
388.0	84.822
390.0	85.29
392.0	103.865
394.0	197.112
396.0	81.027
398.0	85.618
400.0	83.327
402.0	84.138
404.0	83.099
406.0	143.928
408.0	187.111
410.0	112.405
412.0	108.486
414.0	92.496
416.0	85.152
418.0	82.874
420.0	83.79
422.0	127.382
424.0	167.968
426.0	100.143
428.0	88.924
430.0	83.908
432.0	84.893
434.0	80.997
436.0	79.979
438.0	191.617
440.0	121.599
442.0	89.016
444.0	78.149
446.0	140.889
448.0	93.101
450.0	97.247
452.0	98.134
454.0	81.739
456.0	87.749
458.0	79.675
460.0	81.06
462.0	80.67
464.0	76.263
466.0	81.33
468.0	79.739
470.0	78.237
472.0	80.622
474.0	78.288
476.0	80.524
478.0	81.052
480.0	81.346
482.0	79.291
484.0	78.48
486.0	79.043
488.0	79.42
490.0	78.339
492.0	79.622
494.0	73.703
496.0	208.623
498.0	148.96
500.0	104.701
502.0	100.047
504.0	78.454
506.0	78.867
508.0	80.206
510.0	83.644
512.0	79.229
514.0	82.581
516.0	74.178
518.0	76.827
520.0	78.003
522.0	186.392
524.0	183.294
526.0	76.819
528.0	82.073
530.0	74.509
532.0	79.411
534.0	70.864
536.0	76.612
538.0	189.976
540.0	128.55
542.0	97.477
544.0	105.603
546.0	78.155
548.0	71.697
550.0	79.971
552.0	75.357
554.0	78.276
556.0	72.815
558.0	82.031
560.0	70.063
562.0	80.901
564.0	132.118
566.0	214.872
568.0	111.649
570.0	91.18
572.0	95.178
574.0	80.252
576.0	79.841
578.0	69.464
580.0	72.008
582.0	81.356
584.0	180.323
586.0	90.578
588.0	85.311
590.0	75.426
592.0	73.411
594.0	77.473
596.0	72.994
598.0	79.704
600.0	140.299
602.0	77.385
604.0	73.355
606.0	73.828
608.0	71.948
610.0	74.752
612.0	148.506
614.0	191.634
616.0	94.375
618.0	90.61
620.0	84.789
622.0	75.397
624.0	72.635
626.0	71.637
628.0	72.099
630.0	102.463
632.0	166.862
634.0	93.466
636.0	80.038
638.0	72.729
640.0	73.948
642.0	72.052
644.0	66.82
646.0	73.32
648.0	97.268
650.0	176.495
652.0	91.965
654.0	68.807
656.0	68.389
658.0	69.911
660.0	70.798
662.0	72.729
664.0	68.456
666.0	128.738
668.0	162.413
670.0	92.861
672.0	81.472
674.0	70.68
676.0	67.597
678.0	68.909
680.0	69.69
682.0	74.028
684.0	73.962
686.0	68.908
688.0	73.395
690.0	63.784
692.0	70.148
694.0	71.343
696.0	61.681
698.0	108.268
700.0	66.595
702.0	68.673
704.0	71.826
706.0	107.847
708.0	215.513
710.0	121.051
712.0	72.574
714.0	64.104
716.0	96.629
718.0	69.304
720.0	68.825
722.0	69.104
724.0	69.331
726.0	73.777
728.0	72.007
730.0	70.842
732.0	69.836
734.0	71.207
736.0	69.999
738.0	71.236
740.0	72.036
742.0	70.934
744.0	68.634
746.0	72.077
748.0	68.743
750.0	72.99
752.0	70.732
754.0	203.426
756.0	82.41
758.0	84.14
760.0	78.225
762.0	61.255
764.0	60.736
766.0	62.844
768.0	64.231
770.0	61.648
772.0	67.279
774.0	203.516
776.0	80.499
778.0	83.092
780.0	61.672
782.0	60.592
784.0	62.731
786.0	61.888
788.0	65.978
790.0	63.432
792.0	66.607
794.0	56.184
796.0	62.711
798.0	64.85
800.0	60.794
802.0	73.779
804.0	212.284
806.0	145.932
808.0	86.14
810.0	82.418
812.0	76.262
814.0	68.909
816.0	65.95
818.0	64.826
820.0	56.947
822.0	56.0
824.0	75.604
826.0	181.527
828.0	84.5
830.0	78.346
832.0	66.891
834.0	60.062
836.0	59.174
838.0	57.554
840.0	62.418
842.0	62.635
844.0	65.709
846.0	62.686
848.0	61.462
850.0	61.678
852.0	62.902
854.0	55.324
856.0	78.248
858.0	62.53
860.0	63.556
862.0	62.305
864.0	63.301
866.0	58.472
868.0	62.888
870.0	58.833
872.0	59.137
874.0	56.166
876.0	59.438
878.0	57.489
880.0	207.061
883.0	209.746
885.0	79.846
887.0	79.754
889.0	67.227
891.0	62.593
893.0	55.774
895.0	62.189
897.0	65.321
899.0	59.947
901.0	64.643
903.0	183.253
905.0	76.089
907.0	69.884
909.0	59.022
911.0	62.209
913.0	58.451
915.0	56.687
917.0	54.681
919.0	168.495
921.0	58.961
923.0	57.82
925.0	110.184
927.0	76.332
929.0	79.526
931.0	58.111
933.0	59.482
935.0	56.824
937.0	63.326
939.0	63.296
941.0	58.843
943.0	62.78
945.0	62.4
947.0	197.995
949.0	80.193
951.0	69.059
953.0	79.59
955.0	59.546
957.0	62.217
959.0	62.374
961.0	63.352
963.0	56.876
965.0	83.181
967.0	139.114
969.0	63.197
971.0	95.372
973.0	69.277
975.0	55.128
977.0	59.717
979.0	58.936
981.0	58.091
983.0	53.604
985.0	88.345
987.0	134.405
989.0	57.63
991.0	53.236
993.0	81.996
995.0	92.618
997.0	75.149
999.0	74.881
1001.0	53.645
1003.0	58.149
1005.0	55.268
1007.0	54.386
1009.0	54.856
1011.0	58.532
1013.0	61.076
1015.0	53.439
1017.0	62.733
1019.0	53.813
1021.0	60.526
1023.0	52.185
1025.0	54.585
1027.0	56.34
1029.0	53.437
1031.0	52.47
1033.0	58.155
1035.0	53.59
1037.0	57.047
1039.0	53.686
1041.0	52.581
1043.0	57.307
1045.0	56.933
1047.0	53.641
1049.0	56.305
1051.0	106.752
1053.0	212.166
1055.0	66.694
1057.0	66.089
1059.0	53.668
1061.0	50.771
1063.0	52.111
1065.0	48.336
1067.0	50.454
1069.0	51.35
1071.0	52.592
1073.0	49.226
1075.0	47.942
1077.0	48.488
1079.0	52.47
1081.0	53.217
1083.0	51.885
1085.0	53.685
1087.0	51.099
1089.0	54.503
1091.0	46.053
1093.0	53.534
1095.0	46.63
1097.0	163.907
1099.0	203.922
1101.0	60.536
1103.0	58.979
1105.0	52.675
1107.0	52.729
1109.0	52.561
1111.0	49.915
1113.0	47.569
1115.0	51.521
1117.0	51.799
1119.0	53.956
1121.0	50.985
1123.0	52.681
1125.0	58.186
1127.0	52.246
1129.0	57.03
1131.0	51.034
1133.0	55.355
1135.0	53.915
1137.0	56.299
1139.0	49.881
1141.0	52.656
1143.0	52.729
1145.0	58.195
1147.0	49.523
1149.0	51.48
1151.0	48.832
1153.0	50.686
1155.0	53.393
1157.0	99.554
1159.0	164.963
1161.0	63.72
1163.0	66.089
1165.0	48.967
1167.0	49.715
1169.0	44.414
1171.0	50.027
1173.0	55.059
1175.0	50.804
1177.0	47.761
1179.0	50.416
1181.0	52.797
1183.0	126.53
1185.0	131.055
1187.0	55.034
1189.0	63.083
1191.0	42.483
1193.0	46.274
1195.0	42.957
1197.0	48.625
1199.0	46.456
