 3738
 3933
 4093
 4094
 4098
 4124
 4135
 4162
 4176
 4194
 4202
 4206
 4210
 4218
 4220
 4230
 4234
 4238
 4248
 4253
 4253
 4267
 4273
 4286
 4298
 4322
 4326
 4326
 4350
 4364
 4365
 4369
 4382
 4386
 4407
 4414
 4445
 4450
 4464
 4470
 4476
 4495
 4530
 4547
 4548
 4554
 4565
 4574
 4578
 4580
 4597
 4602
 4613
 4613
 4617
 4639
 4644
 4653
 4654
 4654
 4659
 4662
 4664
 4666
 4667
 4667
 4672
 4683
 4684
 4686
 4687
 4695
 4723
 4740
 4742
 4746
 4747
 4755
 4765
 4770
 4782
 4783
 4784
 4787
 4788
 4788
 4797
 4806
 4809
 4829
 4830
 4832
 4835
 4853
 4874
 4875
 4876
 4876
 4885
 4900
 4903
 4907
 4917
 4919
 4921
 4923
 4923
 4928
 4936
 4937
 4943
 4947
 4966
 4970
 4980
 4983
 4987
 4994
 4994
 4995
 5002
 5022
 5024
 5039
 5056
 5064
 5068
 5082
 5088
 5090
 5101
 5109
 5112
 5136
 5141
 5157
 5159
 5160
 5185
 5187
 5190
 5191
 5195
 5198
 5231
 5246
 5249
 5252
 5269
 5273
 5288
 5293
 5294
 5334
 5367
 5382
 5382
 5389
 5405
 5424
 5495
 5523
 5559
 5569
 5607
 5619
 5646
 5646
 5667
 5681
 5726
 5738
 5763
 5841
 5841
 5844
 5846
 5885
 5908
 5908
 5920
 5935
 5936
 5952
 5959
 5959
 5964
 5970
 5998
 6001
 6003
 6050
 6428
 6484
 6496
 6530
 6530
 6650
 6704
 6793
 6934
 7104
 7191
 7250
 7473
 7528
 7638
 7805
 7806
 7911
 8064
 8245
 8290
 8296
 8340
 8344
 8400
 8425
 8443
 8779
 8963
 9119
 9283
 9331
 9363
 9420
 9427
 9562
 9607
 9704
 9730
 9737
 9737
 9787
 9938
 9954
 9967
 10013
 10141
 10212
 10229
 10239
 10281
 10312
 10314
 10333
 10351
 10352
 10359
 10420
 10436
 10573
 10618
 10803
 10939
 10959
 10969
 11034
 11179
 11206
 11289
 11347
 11363
 11404
 11421
 11426
 11426
 11450
 11464
 11483
 11494
 11498
 11499
 11499
 11514
 11541
 11542
 11551
 11558
 11581
 11585
 11598
 11616
 11625
 11632
 11645
 11697
 11705
 11712
 11756
 11771
 11825
 11875
 11884
 11896
 11913
 11915
 11932
 11942
 11953
 11966
 11980
 12012
 12014
 12023
 12032
 12041
 12059
 12073
 12095
 12116
 12139
 12155
 12176
 12182
 12189
 12189
 12241
 12273
 12287
 12315
 12322
 12323
 12325
 12347
 12397
 12413
 12426
 12429
 12439
 12442
 12449
 12460
 12468
 12472
 12508
 12545
 12565
 12586
 12611
 12642
 12645
 12649
 12661
 12666
 12674
 12697
 12701
 12747
 12829
 12851
 13020
 13061
 13090
 13109
 13145
 13163
 13173
 13209
 13210
 13240
 13271
 13286
 13292
 13357
 13371
 13373
 13375
 13382
 13389
 13403
 13403
 13413
 13432
 13450
 13485
 13513
 13576
 13599
 13616
 13645
 13672
 13681
 13684
 13691
 13699
 13705
 13774
 13788
 13789
 13799
 13850
 13852
 13870
 13900
 13902
 13905
 13921
 13930
 13960
 14015
 14023
 14026
 14102
 14102
 14111
 14117
 14131
 14140
 14145
 14151
 14176
 14183
 14226
 14273
 14335
 14369
 14397
 14422
 14472
 14497
 14513
 14516
 14540
 14585
 14585
 14646
 14649
 14700
 14710
 14721
 14819
 14840
 14857
 14864
 14933
 14991
 15026
 15068
 15105
 15207
 15207
 15212
 15253
 15262
 15269
 15272
 15356
 15404
 15448
 15455
 15507
 15523
 15546
 15572
 15594
 15697
 15709
 15718
 15820
 15825
 15843
 15844
 15849
 15867
 15906
 15932
 15944
 16032
 16155
 16159
 16178
 16219
 16261
 16284
 16316
 16321
 16355
 16407
 16455
 16486
 16525
 16531
 16565
 16626
 16644
 16650
 16679
 16697
 16707
 16709
 16737
 16756
 16805
 16818
 16829
 16852
 16858
 16885
 16927
 16931
 16945
 16949
 16954
 16963
 16979
 17036
 17050
 17051
 17053
 17066
 17082
 17116
 17121
 17146
 17152
 17195
 17235
 17360
 17386
 17415
 17433
 17467
 17507
 17512
 17534
 17541
 17591
 17695
 17697
 17715
 17743
 17760
 17945
 17949
 17973
 17973
 18126
 18150
 18197
 18253
 18272
 18284
 18296
 18331
 18342
 18349
 18415
 18506
 18533
 18551
 18569
 18573
 18626
 18744
 18773
 18793
 18802
 18822
 18879
 18892
 18980
 19003
 19016
 19061
 19065
 19174
 19234
 19258
 19258
 19268
 19269
 19284
 19302
 19318
 19326
 19327
 19402
 19538
 19617
 19620
 19680
 19694
 19762
 19767
 19855
 19905
 20098
 20192
 20232
 20287
 20359
 20711
 20918
 20944
 21107
 21358
 21556
 22306
 22528
