4.92602	0.0
6.96519	0.0
8.97128	0.0
11.9008	0.0
14.0789	0.0
16.0818	0.0
18.3948	0.0
20.5433	0.0
23.5121	0.0
25.77	0.0
27.777	0.0
30.041	0.0
32.6938	0.0
35.177	0.0
38.2899	0.0
40.2948	0.0
42.3028	0.0
45.1712	0.0
47.1793	0.0
49.5618	0.0
51.7742	0.0
53.9257	0.0
55.9325	0.0
58.2107	0.0
60.2508	0.0
62.2566	0.0
65.412	0.0
67.4524	0.0
70.4493	0.0
75.0664	0.0
77.1864	0.0
80.1835	0.0
82.7352	0.0
84.8472	0.0
86.9111	0.0
89.4465	0.0
92.6606	0.0
94.8911	0.0
97.8902	0.0
100.769	0.0
104.932	0.0
106.939	0.0
109.242	0.0
111.242	0.0
113.425	0.0
115.43	0.0
117.526	0.0
120.498	0.0
122.758	0.0
124.766	0.0
127.745	0.0
129.842	0.0
131.846	0.0
134.123	0.0
136.274	0.0
138.282	0.0
140.769	0.0
142.919	0.0
145.051	0.0
147.058	0.0
149.067	0.0
151.871	0.0
154.111	0.0
156.255	0.0
158.259	0.0
161.308	0.0
163.316	0.0
166.294	0.0
168.299	0.0
170.315	0.0
172.396	0.0
174.412	0.0
176.474	0.0
178.866	0.0
181.315	0.0
183.592	0.0
185.603	0.0
188.291	0.0
190.383	0.0
193.354	0.0
195.357	0.0
197.441	0.0
199.536	0.0
202.373	0.0
205.372	0.0
207.792	0.0
211.07	0.0
213.784	0.0
216.009	0.0
219.009	0.0
222.907	0.0
225.279	0.0
227.42	0.0
229.429	0.0
232.407	0.0
234.412	0.0
237.53	0.0
239.537	0.0
241.588	0.0
243.705	0.0
246.699	0.0
248.704	0.0
250.773	0.0
253.018	0.0
255.038	0.0
257.297	0.0
259.305	0.0
261.361	0.0
263.714	0.0
265.721	0.0
267.729	0.0
271.344	0.0
273.349	0.0
277.172	0.0
279.177	0.0
283.102	0.0
285.109	0.0
289.141	0.0
291.784	0.0
293.789	0.0
295.83	0.0
297.833	0.0
300.254	0.0
302.341	0.0
304.506	0.0
306.572	0.0
308.623	2.0
311.159	1.0
313.166	0.5
315.174	3.0
317.182	3.0
319.354	0.5
321.364	1.0
323.382	1.0
325.387	1.5
327.394	2.0
329.403	3.0
332.811	1.5
334.82	1.0
336.827	1.0
338.835	3.0
341.062	2.5
343.098	1.0
345.104	1.0
347.111	3.0
349.119	3.0
351.128	2.0
353.135	2.0
356.388	1.0
358.397	1.0
360.404	2.0
362.412	2.0
364.769	1.5
366.776	1.0
368.8	0.0
370.809	1.0
372.816	3.0
374.825	2.5
376.832	2.0
378.841	2.0
380.848	1.0
382.856	3.5
384.864	2.0
386.873	1.0
388.881	2.0
390.889	2.0
392.902	1.0
394.909	1.0
396.917	0.5
398.926	2.0
400.933	1.5
402.941	3.0
404.949	3.0
407.03	3.0
409.192	2.0
411.194	1.0
413.203	2.0
415.21	2.0
417.218	1.5
419.286	3.0
421.335	3.0
423.366	3.0
425.415	3.0
427.786	3.0
429.795	2.5
431.803	2.5
433.812	0.5
435.822	3.5
437.827	1.5
439.835	2.5
441.843	2.0
443.851	2.0
446.031	1.0
448.039	1.5
450.047	4.5
452.051	4.0
454.051	2.0
456.051	2.0
458.051	2.0
460.052	2.0
463.051	3.0
465.051	3.0
467.052	2.5
469.052	3.5
472.072	3.66666666667
475.072	2.33333333333
477.072	2.5
480.071	3.33333333333
482.071	1.0
484.071	4.0
486.071	3.5
488.071	3.0
490.072	3.0
492.072	1.0
494.072	1.0
497.072	2.66666666667
499.072	4.0
502.08	2.66666666667
504.088	2.0
506.095	2.0
508.103	2.5
510.111	2.5
512.119	1.0
514.127	1.5
516.175	2.0
518.183	3.0
520.191	3.0
522.2	1.5
524.219	3.0
526.228	2.0
528.235	2.0
530.243	1.5
532.252	1.5
534.26	2.0
536.267	1.0
538.394	3.0
540.4	2.0
542.408	1.5
544.416	2.5
546.435	2.5
548.44	5.0
550.447	4.0
552.497	1.5
554.503	1.0
556.511	4.0
558.52	4.5
560.527	2.5
562.537	2.5
564.543	2.5
566.812	2.0
568.82	1.5
570.908	1.5
572.915	2.5
574.924	1.5
576.931	1.5
578.956	3.0
580.964	2.0
582.971	1.0
584.98	1.0
586.989	0.0
589.038	3.0
591.044	2.0
593.052	0.0
595.26	3.0
597.268	2.5
599.277	1.5
601.285	0.5
603.371	3.0
605.414	3.0
607.42	2.5
609.428	1.0
611.437	3.0
613.444	3.0
615.453	2.5
617.461	1.0
619.482	3.0
621.488	2.5
623.497	1.5
625.506	1.0
627.515	0.5
629.52	2.5
631.541	3.0
633.558	3.0
635.565	1.5
637.616	1.5
639.625	3.0
641.634	2.0
643.641	2.0
645.649	1.0
647.657	1.5
649.665	3.0
651.673	2.5
653.681	2.0
655.689	1.5
657.731	1.5
659.778	2.5
661.785	1.5
663.793	0.0
665.802	1.5
667.809	3.0
669.839	3.0
671.846	1.0
673.854	1.0
675.861	1.5
678.002	3.0
680.005	2.0
682.015	1.5
684.022	0.5
686.039	3.0
688.046	2.5
690.055	1.5
692.063	1.0
694.07	1.0
696.084	0.0
698.094	3.0
700.102	2.0
702.111	0.5
704.166	3.0
706.291	3.0
708.299	2.0
710.306	2.0
712.315	1.5
714.322	3.0
716.347	3.0
718.355	2.5
720.363	2.0
722.485	3.0
724.491	3.0
726.499	2.0
728.508	2.0
730.516	1.0
732.523	2.0
734.532	2.0
736.54	2.0
738.547	2.0
740.669	3.0
742.676	2.5
744.684	1.0
746.693	0.5
748.716	3.0
750.779	3.0
752.789	2.0
754.796	0.0
756.804	3.5
758.813	2.5
760.82	0.5
762.964	1.5
765.274	3.0
767.292	3.0
769.297	2.0
771.304	2.0
773.313	2.0
775.322	2.0
777.328	1.5
779.336	1.0
781.361	2.5
783.368	1.5
785.377	2.5
787.385	2.5
789.393	3.0
791.583	5.0
793.589	4.0
795.597	2.0
797.606	1.0
799.613	1.0
801.621	1.0
803.97	5.0
805.978	3.0
807.987	2.0
809.994	1.5
812.001	3.0
814.01	3.5
816.014	1.5
818.022	3.5
820.031	3.0
822.206	3.5
824.214	2.0
826.223	1.0
828.265	2.0
830.275	3.0
832.282	2.5
834.29	2.0
836.299	2.0
838.315	3.0
840.322	2.0
842.331	1.5
844.339	1.0
846.348	0.5
848.38	3.5
850.387	2.0
852.396	1.5
854.403	2.0
856.415	3.0
858.424	2.0
860.431	2.5
862.582	3.0
864.588	2.5
866.596	2.0
868.604	2.0
870.612	1.0
872.619	3.5
874.668	3.0
876.676	3.0
878.684	1.5
880.843	3.0
882.849	2.5
884.856	2.0
886.864	1.0
888.873	1.0
890.88	1.0
892.889	3.5
894.898	2.0
896.905	1.5
898.913	1.0
900.951	3.0
902.957	3.0
904.965	2.0
906.973	1.5
908.981	1.0
910.989	0.0
912.997	3.5
915.005	3.0
917.014	2.0
919.021	1.5
921.117	2.0
923.125	3.0
925.133	2.0
927.142	1.5
929.155	0.0
931.161	3.5
933.17	3.0
935.178	2.0
937.181	2.0
939.191	1.0
941.198	1.5
943.206	2.5
945.214	1.5
947.222	2.5
949.294	3.5
951.299	3.0
953.308	2.0
955.315	2.0
957.324	2.0
959.331	3.5
961.339	2.5
963.347	1.5
965.354	0.5
967.402	3.5
969.412	2.0
971.419	1.0
973.426	0.5
975.443	3.5
977.451	3.0
979.459	0.5
981.468	2.0
983.54	4.0
985.547	2.5
987.555	1.5
989.563	1.0
991.671	3.5
993.68	2.5
995.688	1.5
997.696	1.0
999.703	1.0
1001.71	3.0
1003.72	3.0
1005.73	2.0
1007.74	2.0
1009.74	0.5
1011.95	4.0
1013.96	2.5
1015.97	2.0
1017.98	1.0
1019.98	1.0
1021.99	2.0
1024.0	2.5
1026.01	2.0
1028.01	0.5
1030.02	2.0
1032.07	3.0
1034.08	1.5
1036.08	1.0
1038.09	2.0
1040.1	3.5
1042.11	3.5
1044.12	2.0
1046.12	1.0
1048.13	2.5
1050.19	3.0
1052.2	2.5
1054.21	0.5
1056.31	3.5
1058.32	3.0
1060.33	2.0
1062.34	1.0
1064.34	1.0
1066.35	3.0
1068.36	2.0
1070.37	1.5
1072.54	2.0
1074.54	3.0
1076.55	2.5
1078.56	1.0
1080.57	2.0
1082.59	3.5
1084.6	3.0
1086.6	1.0
1088.64	3.0
1090.64	3.5
1092.65	2.0
1094.66	1.0
1096.67	2.5
1098.69	4.0
1100.69	3.0
1102.7	2.0
1104.71	1.0
1106.72	2.5
1108.72	3.0
1110.73	2.0
1112.74	0.5
1114.75	4.0
1116.89	3.0
1118.9	2.5
1120.91	1.5
1122.91	0.5
1124.95	4.0
1126.99	3.0
1129.0	3.0
1131.0	2.0
1133.04	3.5
1135.05	3.0
1137.05	1.5
1139.06	2.0
1141.08	3.0
1143.09	2.5
1145.1	1.0
1147.11	0.0
1149.12	2.0
1151.13	3.0
1153.14	2.0
1155.15	3.5
1157.22	3.0
1159.23	2.0
1161.24	1.5
1163.25	1.0
1165.25	2.5
1167.31	3.5
1169.32	3.0
1171.32	2.5
1173.33	1.5
1175.34	3.0
1177.35	2.0
1179.35	1.0
1181.36	4.0
1183.51	3.5
1185.51	2.0
1187.52	2.0
1189.53	0.5
1191.54	4.0
1193.6	3.0
1195.61	1.5
1197.62	4.0
1199.63	3.5
