4.92602	0.0
6.96519	0.0
8.97128	0.0
11.9008	0.0
14.0789	0.0
16.0818	0.0
18.3948	0.0
20.5433	0.0
23.5121	0.0
25.77	0.0
27.777	0.0
30.041	0.0
32.6938	0.0
35.177	0.0
38.2899	0.0
40.2948	0.0
42.3028	0.0
45.1712	0.0
47.1793	0.0
49.5618	0.0
51.7742	0.0
53.9257	0.0
55.9325	0.0
58.2107	0.0
60.2508	0.0
62.2566	0.0
65.412	0.0
67.4524	0.0
70.4493	0.0
75.0664	0.0
77.1864	0.0
80.1834	0.0
82.7352	0.0
84.8472	0.0
86.9111	0.0
89.4465	0.0
92.6606	0.0
94.8911	0.0
97.8902	0.0
100.769	0.0
104.932	0.0
106.939	0.0
109.242	0.0
111.242	0.0
113.425	0.0
115.43	0.0
117.526	0.0
120.498	0.0
122.758	0.0
124.766	0.0
127.745	0.0
129.842	0.0
131.846	0.0
134.123	0.0
136.274	0.0
138.282	0.0
140.769	0.0
142.919	0.0
145.051	0.0
147.058	0.0
149.067	0.0
151.871	0.0
154.111	0.0
156.255	0.0
158.259	0.0
161.308	0.0
163.316	0.0
166.294	0.0
168.299	0.0
170.315	0.0
172.396	0.0
174.412	0.0
176.474	0.0
178.866	0.0
181.315	0.0
183.592	0.0
185.603	0.0
188.291	0.0
190.383	0.0
193.354	0.0
195.357	0.0
197.441	0.0
199.536	0.0
202.373	0.0
205.372	0.0
207.792	0.0
211.07	0.0
213.784	0.0
216.009	0.0
219.009	0.0
222.907	0.0
225.279	0.0
227.42	0.0
229.429	0.0
232.407	0.0
234.412	0.0
237.53	0.0
239.537	0.0
241.588	0.0
243.705	0.0
246.699	0.0
248.704	0.0
250.773	0.0
253.018	0.0
255.038	0.0
257.297	0.0
259.305	0.0
261.361	0.0
263.714	0.0
265.721	0.0
267.729	0.0
271.344	0.0
273.349	0.0
277.172	0.0
279.177	0.0
283.102	0.0
285.109	0.0
289.141	0.0
291.784	0.0
293.789	0.0
295.83	0.0
297.833	0.0
300.254	0.0
302.341	0.0
304.506	0.0
306.572	0.0
308.623	239.5
311.159	168.0
313.166	242.0
315.174	278.0
317.182	284.5
319.354	204.0
321.364	258.0
323.382	279.0
325.387	357.5
327.394	355.0
329.403	365.5
332.811	222.0
334.82	270.0
336.827	276.0
338.835	281.0
341.062	214.5
343.098	250.0
345.104	274.0
347.111	272.5
349.119	267.0
351.128	305.0
353.135	282.0
356.388	211.0
358.397	271.0
360.404	290.5
362.412	290.5
364.769	261.0
366.776	271.0
368.8	264.5
370.809	292.5
372.816	294.5
374.825	247.0
376.832	303.5
378.841	298.5
380.848	285.5
382.856	192.0
384.864	285.5
386.873	281.5
388.881	327.0
390.889	297.0
392.902	220.0
394.909	274.5
396.917	300.0
398.926	288.0
400.933	303.5
402.941	308.5
404.949	309.5
407.03	319.0
409.192	194.0
411.194	286.0
413.203	304.0
415.21	309.5
417.218	321.5
419.286	252.5
421.335	325.5
423.366	317.0
425.415	319.0
427.786	270.5
429.795	329.0
431.803	318.0
433.812	294.5
435.822	272.0
437.827	290.5
439.835	345.0
441.843	319.5
443.851	326.0
446.031	289.0
448.039	296.0
450.047	257.5
452.051	339.0
454.051	343.5
456.051	358.5
458.051	328.0
460.052	341.0
463.051	324.666666667
465.051	360.0
467.052	339.5
469.052	245.0
472.072	308.333333333
475.072	350.666666667
477.072	336.0
480.071	298.0
482.071	344.5
484.071	359.5
486.071	329.0
488.071	325.0
490.072	347.5
492.072	319.5
494.072	354.5
497.072	371.0
499.072	344.5
502.08	331.333333333
504.088	380.5
506.095	368.5
508.103	382.0
510.111	351.0
512.119	351.0
514.127	352.0
516.175	379.0
518.183	356.5
520.191	357.5
522.2	334.0
524.219	393.5
526.228	394.0
528.235	381.0
530.243	391.0
532.252	408.0
534.26	387.0
536.267	400.5
538.394	339.5
540.4	371.0
542.408	392.0
544.416	390.5
546.435	501.5
548.44	485.0
550.447	545.5
552.497	390.0
554.503	483.0
556.511	484.5
558.52	398.5
560.527	386.5
562.537	376.5
564.543	411.0
566.812	315.0
568.82	327.5
570.908	379.5
572.915	395.5
574.924	404.0
576.931	400.0
578.956	430.0
580.964	384.5
582.971	409.0
584.98	404.0
586.989	414.0
589.038	422.5
591.044	396.5
593.052	414.0
595.26	449.5
597.268	402.5
599.277	355.0
601.285	411.0
603.371	419.5
605.414	437.0
607.42	406.0
609.428	413.0
611.437	440.0
613.444	444.5
615.453	363.5
617.461	377.5
619.482	412.5
621.488	376.0
623.497	412.5
625.506	408.5
627.515	410.0
629.52	440.5
631.541	442.0
633.558	431.5
635.565	393.5
637.616	348.0
639.625	432.0
641.634	391.5
643.641	440.5
645.649	400.0
647.657	414.5
649.665	436.0
651.673	438.5
653.681	430.0
655.689	397.0
657.731	385.0
659.778	405.0
661.785	369.5
663.793	391.0
665.802	447.0
667.809	438.5
669.839	436.5
671.846	420.5
673.854	438.0
675.861	430.0
678.002	430.5
680.005	435.0
682.015	426.5
684.022	381.0
686.039	429.5
688.046	423.0
690.055	420.0
692.063	436.0
694.07	426.5
696.084	449.5
698.094	432.5
700.102	383.0
702.111	379.0
704.166	431.0
706.291	439.5
708.299	397.0
710.306	429.0
712.315	453.5
714.322	431.5
716.347	465.0
718.355	442.0
720.363	317.5
722.485	467.0
724.491	432.0
726.499	441.5
728.508	427.0
730.516	445.5
732.523	455.0
734.532	445.0
736.54	454.5
738.547	364.5
740.669	469.0
742.676	411.0
744.684	369.5
746.693	450.0
748.716	441.5
750.779	476.0
752.789	432.0
754.796	452.0
756.804	442.5
758.813	438.0
760.82	341.5
762.964	462.5
765.274	463.0
767.292	457.5
769.297	424.0
771.304	446.0
773.313	455.0
775.322	466.0
777.328	443.5
779.336	435.0
781.361	686.0
783.368	687.5
785.377	687.5
787.385	626.0
789.393	621.5
791.583	653.0
793.589	641.5
795.597	492.0
797.606	659.0
799.613	656.0
801.621	659.0
803.97	621.0
805.978	498.5
807.987	466.0
809.994	431.5
812.001	469.5
814.01	459.5
816.014	449.0
818.022	476.5
820.031	335.0
822.206	465.5
824.214	434.5
826.223	463.0
828.265	466.0
830.275	476.0
832.282	463.0
834.29	468.5
836.299	388.5
838.315	442.0
840.322	395.0
842.331	478.5
844.339	474.0
846.348	449.5
848.38	478.5
850.387	467.0
852.396	455.0
854.403	427.5
856.415	474.0
858.424	418.5
860.431	386.0
862.582	467.0
864.588	447.5
866.596	479.5
868.604	456.5
870.612	469.5
872.619	486.0
874.668	504.5
876.676	461.5
878.684	377.5
880.843	458.5
882.849	438.0
884.856	449.0
886.864	457.0
888.873	467.0
890.88	475.5
892.889	479.5
894.898	475.5
896.905	436.0
898.913	477.5
900.951	465.0
902.957	479.5
904.965	455.5
906.973	464.5
908.981	465.0
910.989	464.0
912.997	492.5
915.005	489.0
917.014	476.0
919.021	441.0
921.117	452.0
923.125	474.0
925.133	454.5
927.142	463.5
929.155	456.5
931.161	488.0
933.17	464.5
935.178	487.0
937.181	487.0
939.191	484.0
941.198	427.0
943.206	453.5
945.214	440.5
947.222	439.5
949.294	485.0
951.299	465.5
953.308	466.0
955.315	453.0
957.324	476.5
959.331	484.5
961.339	460.5
963.347	441.0
965.354	479.0
967.402	452.5
969.412	406.5
971.419	470.5
973.426	460.5
975.443	487.0
977.451	467.0
979.459	477.5
981.468	480.5
983.54	506.5
985.547	430.5
987.555	476.5
989.563	446.5
991.671	470.0
993.68	444.0
995.688	425.5
997.696	480.0
999.703	481.5
1001.71	522.5
1003.72	470.5
1005.73	474.0
1007.74	495.5
1009.74	461.5
1011.95	500.5
1013.96	447.5
1015.97	461.0
1017.98	479.0
1019.98	500.5
1021.99	492.0
1024.0	491.0
1026.01	488.0
1028.01	421.0
1030.02	481.5
1032.07	503.0
1034.08	402.5
1036.08	471.5
1038.09	455.0
1040.1	497.0
1042.11	508.5
1044.12	471.0
1046.12	490.0
1048.13	483.0
1050.19	483.5
1052.2	455.5
1054.21	406.5
1056.31	471.5
1058.32	464.5
1060.33	460.0
1062.34	472.5
1064.34	477.5
1066.35	505.5
1068.36	480.0
1070.37	430.5
1072.54	477.5
1074.54	486.5
1076.55	493.0
1078.56	399.0
1080.57	496.5
1082.59	492.5
1084.6	478.5
1086.6	474.5
1088.64	509.0
1090.64	497.0
1092.65	439.5
1094.66	485.5
1096.67	481.5
1098.69	521.5
1100.69	458.0
1102.7	458.0
1104.71	481.0
1106.72	486.0
1108.72	493.5
1110.73	502.0
1112.74	456.0
1114.75	487.0
1116.89	513.5
1118.9	441.5
1120.91	442.5
1122.91	471.0
1124.95	493.5
1126.99	508.0
1129.0	488.0
1131.0	506.0
1133.04	517.0
1135.05	468.5
1137.05	434.0
1139.06	439.0
1141.08	498.0
1143.09	459.0
1145.1	441.0
1147.11	476.5
1149.12	486.5
1151.13	510.5
1153.14	475.0
1155.15	507.0
1157.22	496.5
1159.23	471.5
1161.24	454.5
1163.25	472.5
1165.25	486.5
1167.31	506.0
1169.32	485.5
1171.32	478.0
1173.33	500.0
1175.34	515.0
1177.35	488.5
1179.35	449.0
1181.36	487.5
1183.51	499.5
1185.51	460.0
1187.52	471.0
1189.53	447.5
1191.54	498.0
1193.6	509.5
1195.61	486.0
1197.62	514.0
1199.63	501.5
