# timestamp	command count (MB)\n
-8.88977 0
-2.16039 0
-0.576861 0
4.92602 0
5.92582 0
6.96519 0
7.96643 0
8.97128 0
9.97543 0
11.9008 0
13.0088 0
14.0789 0
15.0814 0
16.0818 0
18.3948 0
19.5419 0
20.5433 0
21.5473 0
23.5121 0
24.5453 0
25.77 0
26.7726 0
27.777 0
29.04 0
30.041 0
31.4572 0
32.6938 0
33.9493 0
35.177 0
36.1779 0
38.2899 0
39.2907 0
40.2948 0
41.2987 0
42.3028 0
44.1677 0
45.1712 0
46.1752 0
47.1793 0
49.5618 0
50.5636 0
51.7742 0
52.7761 0
53.9257 0
54.928 0
55.9325 0
56.9365 0
58.2107 0
59.2129 0
60.2508 0
61.2525 0
62.2566 0
63.2611 0
65.412 0
66.409 0
67.4524 0
68.4491 0
69.4489 0
70.4493 0
71.5782 0
75.0664 0
76.0639 0
77.1864 0
78.1838 0
79.1838 0
80.1834 0
81.7376 0
82.7352 0
83.8479 0
84.8472 0
85.9113 0
86.9111 0
88.4499 0
89.4465 0
90.4464 0
92.6606 0
93.6583 0
94.8911 0
95.8906 0
96.8901 0
97.8902 0
98.89 0
100.769 0
101.766 0
102.766 0
104.932 0
105.94 0
106.939 0
108.243 0
109.242 0
110.242 0
111.242 0
113.425 0
114.426 0
115.43 0
116.525 0
117.526 0
118.53 0
120.498 0
121.498 0
122.758 0
123.762 0
124.766 0
125.77 0
127.745 0
128.746 0
129.842 0
130.842 0
131.846 0
134.123 0
135.273 0
136.274 0
137.279 0
138.282 0
140.769 0
141.77 0
142.919 0
143.923 0
145.051 0
146.055 0
147.058 0
148.063 0
149.067 0
151.871 0
152.875 0
154.111 0
155.115 0
156.255 0
157.255 0
158.259 0
159.263 0
161.308 0
162.311 0
163.316 0
164.32 0
166.294 0
167.295 0
168.299 0
169.313 0
170.315 0
171.392 0
172.396 0
173.41 0
174.412 0
175.416 0
176.474 0
178.866 0
179.868 0
181.315 0
182.591 0
183.592 0
184.596 0
185.603 0
186.604 0
188.291 0
189.293 0
190.383 0
191.385 0
193.354 0
194.357 0
195.357 0
196.442 0
197.441 0
198.539 0
199.536 0
200.536 0
202.373 0
203.373 0
204.372 0
205.372 0
206.792 0
207.792 0
208.792 0
211.07 0
212.785 0
213.784 0
215.01 0
216.009 0
217.008 0
218.008 0
219.009 0
220.008 0
222.907 0
223.908 0
225.279 0
226.28 0
227.42 0
228.425 0
229.429 0
230.433 0
232.407 0
233.409 0
234.412 0
235.417 0
237.53 0
238.532 0
239.537 0
240.586 0
241.588 0
242.7 0
243.705 0
244.708 0
246.699 0
247.7 0
248.704 0
249.771 0
250.773 0
253.018 0
254.02 0
255.038 0
256.295 0
257.297 0
258.301 0
259.305 0
260.359 0
261.361 0
262.471 0
263.714 0
264.717 0
265.721 0
266.725 0
267.729 0
268.733 0
271.344 0
272.346 0
273.349 0
274.452 0
277.172 0
278.173 0
279.177 0
280.181 0
283.102 0
284.106 0
285.109 0
286.113 0
289.141 0
290.145 0
291.784 0
292.786 0
293.789 0
294.828 0
295.83 0
296.833 0
297.833 0
299.253 0
300.254 0
301.258 0
302.341 0
303.503 0
304.506 0
305.51 0
306.572 0
307.574 205
308.623 274
311.159 168
312.162 250
313.166 234
314.17 313
315.174 243
316.178 285
317.182 284
318.187 268
319.354 140
320.358 268
321.364 248
322.367 265
323.382 293
324.382 278
325.387 437
326.391 323
327.394 387
328.398 364
329.403 367
330.407 311
332.811 133
333.816 287
334.82 253
335.824 244
336.827 308
337.831 264
338.835 298
339.843 292
341.062 137
342.064 273
343.098 227
344.099 259
345.104 289
346.107 263
347.111 282
348.117 312
349.119 222
350.123 294
351.128 316
352.132 243
353.135 321
354.14 226
356.388 196
357.392 275
358.397 267
359.399 329
360.404 252
361.408 327
362.412 254
363.417 297
364.769 225
365.772 285
366.776 257
367.799 240
368.8 289
369.804 253
370.809 332
371.812 277
372.816 312
373.82 206
374.825 288
375.828 275
376.832 332
377.836 261
378.841 336
379.845 252
380.848 319
381.854 326
382.856 58
383.861 291
384.864 280
385.869 278
386.873 285
387.877 309
388.881 345
389.885 256
390.889 338
391.893 140
392.902 300
393.905 280
394.909 269
395.913 299
396.917 301
397.922 343
398.926 233
399.929 346
400.933 261
401.938 338
402.941 279
403.945 318
404.949 301
405.954 310
407.03 328
408.034 297
409.192 91
410.189 288
411.194 284
412.198 339
413.203 269
414.206 356
415.21 263
416.215 300
417.218 343
418.283 184
419.286 321
420.333 340
421.335 311
422.365 334
423.366 300
424.412 338
425.415 300
426.782 244
427.786 297
428.791 301
429.795 357
430.798 281
431.803 355
432.807 266
433.812 323
434.815 352
435.822 192
436.823 283
437.827 298
438.831 329
439.835 361
440.839 277
441.843 362
442.847 299
443.851 353
445.031 232
446.031 346
447.036 297
448.039 295
449.043 362
450.047 153
451.051 370
452.051 308
453.052 362
454.051 325
455.052 330
456.051 387
457.052 283
458.051 373
459.051 321
460.052 361
461.053 320
462.051 362
463.051 292
464.052 349
465.051 371
466.052 301
467.052 378
468.051 131
469.052 359
470.051 317
471.051 352
472.072 256
473.071 318
474.071 347
475.072 387
476.071 287
477.072 385
478.071 184
479.071 368
480.071 342
481.071 335
482.071 354
483.071 378
484.071 341
485.071 322
486.071 336
487.071 350
488.071 300
489.071 355
490.072 340
491.071 292
492.072 347
493.071 361
494.072 348
495.071 396
496.071 311
497.072 406
498.071 305
499.072 384
500.071 365
501.071 279
502.08 350
503.084 393
504.088 368
505.092 352
506.095 385
507.099 354
508.103 410
509.107 302
510.111 400
511.116 304
512.119 398
513.124 335
514.127 369
515.167 370
516.175 388
517.179 302
518.183 411
519.187 302
520.191 413
521.195 270
522.2 398
523.203 393
524.219 394
525.223 392
526.228 396
527.232 375
528.235 387
529.239 391
530.243 391
531.247 388
532.252 428
533.255 369
534.26 405
535.263 390
536.267 411
537.272 370
538.394 309
539.396 360
540.4 382
541.403 404
542.408 380
543.412 418
544.416 363
545.419 460
546.435 543
547.435 477
548.44 493
549.443 518
550.447 573
551.451 461
552.497 319
553.499 492
554.503 474
555.507 602
556.511 367
557.516 488
558.52 309
559.523 443
560.527 330
561.532 346
562.537 407
563.54 446
564.543 376
565.547 239
566.812 391
567.817 365
568.82 290
569.823 342
570.908 417
571.912 405
572.915 386
573.919 400
574.924 408
575.928 397
576.931 403
577.952 438
578.956 422
579.959 373
580.964 396
581.968 398
582.971 420
583.976 401
584.98 407
585.983 401
586.989 427
587.992 411
589.038 434
590.04 408
591.044 385
592.048 403
593.052 425
594.056 435
595.26 464
596.264 399
597.268 406
598.272 425
599.277 285
600.28 412
601.285 410
602.32 366
603.371 473
604.41 448
605.414 426
606.416 406
607.42 406
608.425 404
609.428 422
610.432 428
611.437 452
612.44 431
613.444 458
614.448 381
615.453 346
616.456 416
617.461 339
618.464 361
619.482 464
620.485 409
621.488 343
622.493 425
623.497 400
624.501 442
625.506 375
626.508 424
627.515 396
628.519 429
629.52 452
630.524 439
631.541 445
632.554 463
633.558 400
634.561 441
635.565 346
636.568 305
637.616 391
638.623 430
639.625 434
640.629 421
641.634 362
642.638 455
643.641 426
644.645 362
645.649 438
646.654 403
647.657 426
648.661 438
649.665 434
650.67 437
651.673 440
652.677 435
653.681 425
654.685 438
655.689 356
656.694 366
657.731 404
658.776 488
659.778 322
660.781 357
661.785 382
662.79 349
663.793 433
664.797 436
665.802 458
666.805 443
667.809 434
668.827 455
669.839 418
670.843 408
671.846 433
672.849 451
673.854 425
674.858 410
675.861 450
677.001 443
678.002 418
679.002 443
680.005 427
681.011 433
682.015 420
683.018 387
684.022 375
685.028 425
686.039 434
687.042 433
688.046 413
689.051 421
690.055 419
691.058 445
692.063 427
693.067 412
694.07 441
695.075 434
696.084 465
697.092 443
698.094 422
699.098 318
700.102 448
701.106 386
702.111 372
703.114 421
704.166 441
705.283 445
706.291 434
707.294 400
708.299 394
709.303 434
710.306 424
711.311 464
712.315 443
713.318 442
714.322 421
715.344 475
716.347 455
717.351 442
718.355 442
719.359 313
720.363 322
721.481 477
722.485 457
723.487 422
724.491 442
725.496 454
726.499 429
727.504 461
728.508 393
729.512 448
730.516 443
731.52 439
732.523 471
733.527 443
734.532 447
735.536 447
736.54 462
737.543 364
738.547 365
739.598 474
740.669 464
741.671 436
742.676 386
743.679 293
744.684 446
745.687 450
746.693 450
747.702 433
748.716 450
749.759 473
750.779 479
751.783 420
752.789 444
753.792 427
754.796 477
755.8 467
756.804 418
757.808 515
758.813 361
759.816 323
760.82 360
761.831 486
762.964 439
764.099 445
765.274 481
766.282 446
767.292 469
768.292 389
769.297 459
770.301 447
771.304 445
772.309 450
773.313 460
774.316 481
775.322 451
776.325 454
777.328 433
778.333 455
779.336 415
780.341 727
781.361 645
782.365 665
783.368 710
784.373 669
785.377 706
786.381 568
787.385 684
788.389 584
789.393 659
790.397 640
791.583 666
792.585 654
793.589 629
794.593 430
795.597 554
796.601 667
797.606 651
798.61 642
799.613 670
800.617 651
801.621 667
802.625 530
803.97 712
804.974 587
805.978 410
806.982 428
807.987 504
808.99 439
809.994 424
810.998 464
812.001 475
813.007 470
814.01 449
815.011 446
816.014 452
817.017 481
818.022 472
819.026 385
820.031 285
821.203 507
822.206 424
823.211 443
824.214 426
825.218 455
826.223 471
827.226 447
828.265 485
829.271 528
830.275 424
831.279 470
832.282 456
833.286 472
834.29 465
835.294 360
836.299 417
837.311 445
838.315 439
839.319 386
840.322 404
841.327 489
842.331 468
843.334 487
844.339 461
845.343 430
846.348 469
847.351 455
848.38 502
849.384 472
850.387 462
851.391 466
852.396 444
853.399 394
854.403 461
855.413 495
856.415 453
857.42 361
858.424 476
859.428 367
860.431 405
861.577 459
862.582 475
863.584 421
864.588 474
865.591 481
866.596 478
867.6 471
868.604 442
869.607 467
870.612 472
871.615 488
872.619 484
873.667 499
874.668 510
875.672 452
876.676 471
877.681 395
878.684 360
879.691 429
880.843 488
881.844 460
882.849 416
883.853 413
884.856 485
885.86 443
886.864 471
887.868 465
888.873 469
889.877 469
890.88 482
891.885 453
892.889 506
893.892 471
894.898 480
895.901 465
896.905 407
897.909 488
898.913 467
899.916 405
900.951 525
901.955 487
902.957 472
903.962 444
904.965 467
905.97 482
906.973 447
907.977 459
908.981 471
909.985 451
910.989 477
911.993 499
912.997 486
914.002 480
915.005 498
916.009 475
917.014 477
918.017 480
919.021 402
920.025 443
921.117 461
922.121 472
923.125 476
924.13 429
925.133 480
926.138 472
927.142 455
928.146 426
929.155 487
930.157 497
931.161 479
932.166 495
933.17 434
934.174 472
935.178 502
936.178 489
937.181 485
938.186 484
939.191 484
940.194 410
941.198 444
942.203 489
943.206 418
944.21 469
945.214 412
946.218 448
947.222 431
948.275 484
949.294 486
950.295 458
951.299 473
952.302 448
953.308 484
954.311 454
955.315 452
956.32 454
957.324 499
958.33 536
959.331 433
960.335 483
961.339 438
962.342 489
963.347 393
964.35 488
965.354 470
966.4 461
967.402 444
968.407 391
969.412 422
970.415 486
971.419 455
972.423 445
973.426 476
974.431 471
975.443 503
976.447 450
977.451 484
978.455 483
979.459 472
980.463 493
981.468 468
982.471 506
983.54 507
984.543 458
985.547 403
986.551 487
987.555 466
988.559 445
989.563 448
990.567 473
991.671 467
992.675 456
993.68 432
994.683 389
995.688 462
996.691 480
997.696 480
998.699 472
999.703 491
1000.71 554
1001.71 491
1002.72 463
1003.72 478
1004.72 474
1005.73 474
1006.73 502
1007.74 489
1008.74 492
1009.74 431
1010.75 464
1011.95 537
1012.96 465
1013.96 430
1014.96 488
1015.97 434
1016.97 464
1017.98 494
1018.98 507
1019.98 494
1020.99 485
1021.99 499
1023 512
1024 470
1025 476
1026.01 500
1027.01 438
1028.01 404
1029.02 518
1030.02 445
1031.07 506
1032.07 500
1033.07 395
1034.08 410
1035.08 451
1036.08 492
1037.09 442
1038.09 468
1039.1 513
1040.1 481
1041.1 507
1042.11 510
1043.11 437
1044.12 505
1045.12 499
1046.12 481
1047.13 485
1048.13 481
1049.19 475
1050.19 492
1051.2 475
1052.2 436
1053.2 414
1054.21 399
1055.25 443
1056.31 500
1057.32 488
1058.32 441
1059.32 454
1060.33 466
1061.33 455
1062.34 490
1063.34 484
1064.34 471
1065.35 511
1066.35 500
1067.36 476
1068.36 484
1069.36 446
1070.37 415
1071.37 487
1072.54 468
1073.54 478
1074.54 495
1075.55 499
1076.55 487
1077.56 360
1078.56 438
1079.57 490
1080.57 503
1081.59 486
1082.59 499
1083.59 475
1084.6 482
1085.6 483
1086.6 466
1087.61 510
1088.64 508
1089.64 528
1090.64 466
1091.65 448
1092.65 431
1093.66 478
1094.66 493
1095.66 474
1096.67 489
1097.67 499
1098.69 544
1099.69 477
1100.69 439
1101.7 462
1102.7 454
1103.7 482
1104.71 480
1105.71 480
1106.72 492
1107.72 505
1108.72 482
1109.73 498
1110.73 506
1111.74 471
1112.74 441
1113.75 456
1114.75 518
1115.79 491
1116.89 536
1117.89 467
1118.9 416
1119.9 435
1120.91 450
1121.91 480
1122.91 462
1123.92 476
1124.95 511
1125.98 512
1126.99 504
1127.99 481
1129 495
1130 500
1131 512
1132.03 493
1133.04 541
1134.04 461
1135.05 476
1136.05 429
1137.05 439
1138.06 412
1139.06 466
1140.08 516
1141.08 480
1142.09 447
1143.09 471
1144.09 409
1145.1 473
1146.1 440
1147.11 513
1148.11 465
1149.12 508
1150.12 490
1151.13 531
1152.13 427
1153.14 523
1154.15 513
1155.15 501
1156.22 513
1157.22 480
1158.23 437
1159.23 506
1160.23 483
1161.24 426
1162.24 474
1163.25 471
1164.25 519
1165.25 454
1166.31 512
1167.31 500
1168.31 498
1169.32 473
1170.32 506
1171.32 450
1172.33 501
1173.33 499
1174.33 512
1175.34 518
1176.34 503
1177.35 474
1178.35 467
1179.35 431
1180.36 442
1181.36 533
1182.5 536
1183.51 463
1184.51 417
1185.51 503
1186.52 448
1187.52 494
1188.53 421
1189.53 474
1190.53 503
1191.54 493
1192.56 500
1193.6 519
1194.61 499
1195.61 473
1196.61 503
1197.62 525
1198.62 518
1199.63 485
1200.63 459
