# timestamp	utilization (%) \n
5.0759 0
11.9022 1
18.4486 3
24.1798 4
29.6714 5
35.181 7
44.6894 9
50.3451 10
56.081 11
62.2293 13
70.096 15
76.4706 16
81.7696 17
88.4828 19
94.9023 20
101.583 22
108.279 23
113.498 24
120.547 25
125.954 27
131.519 28
136.883 29
142.178 30
147.575 32
154.158 33
161.336 34
167.042 36
172.074 37
180.28 39
185.651 40
193.714 42
199.233 43
204.787 44
212.823 46
218.706 47
224.268 48
229.664 50
235.756 51
242.026 52
248.021 53
253.657 55
258.858 56
265.328 57
271.795 59
277.793 60
283.778 61
289.801 63
294.86 64
300.802 65
306.467 67
312.843 67
317.974 68
323.39 68
329.94 68
335.523 67
341.104 67
346.251 67
351.449 66
356.47 66
361.82 66
367.213 65
373.866 65
379.102 64
385.01 64
391.273 64
398.286 63
404.837 62
410.446 62
415.791 62
422.258 61
428.047 61
433.416 60
440.171 60
446.179 59
451.715 59
458.552 58
465.236 58
472.166 57
477.735 57
483.836 56
490.354 56
495.595 55
500.876 55
506.412 54
511.764 53
518.463 53
524.219 52
529.616 52
534.627 52
540.603 51
546.37 50
551.979 50
557.82 50
563.574 49
569.582 48
574.607 48
580.196 48
585.639 48
590.707 48
596.342 48
602.266 47
607.561 47
613.472 47
619.482 47
625.118 47
630.429 46
636.291 46
641.938 46
647.47 46
652.844 46
658.925 46
664.6 45
669.878 45
675.712 45
681.449 45
687.199 45
692.654 45
698.378 45
704.166 45
709.625 44
715.29 44
720.299 44
725.677 44
731.136 44
737.119 44
743.321 44
748.663 43
754.55 43
760.576 43
766.313 43
771.619 43
776.74 43
782.101 43
787.726 43
793.977 43
799.228 43
805.126 42
810.471 42
815.627 42
821.203 42
826.865 42
832.538 42
838.574 42
843.938 42
849.717 42
855.413 42
861.577 42
866.849 42
872.532 42
878.393 42
884.161 42
889.549 42
895.184 42
900.893 41
906.41 41
911.824 41
917.388 41
923.398 41
928.953 41
934.373 41
939.957 41
945.852 41
951.52 41
957.271 41
962.894 41
968.798 41
974.343 40
980.215 40
985.87 40
991.671 40
997.249 40
1002.83 40
1008.26 40
1014.19 40
1019.62 40
1025.3 40
1031.01 40
1036.78 40
1042.11 40
1047.95 40
1053.93 40
1059.65 40
1065.51 40
1071.14 40
1077.09 40
1082.62 39
1088.58 39
1094.25 39
1099.85 39
1105.44 39
1111.29 39
1116.89 39
1122.71 39
1128.07 39
1134.11 39
1140.08 39
1145.82 39
1151.13 39
1156.22 39
1161.82 39
1167.31 39
1172.78 39
1177.82 39
1183.72 39
1189.28 39
1194.64 39
1199.73 39
