# timestamp	GC Total Latency (msec)		CP	Meta	Filemap	Cache	Read	Write\n
1428.33 27712 6804 1412 9378 6201 943 2974
1429.34 27742 6810 1413 9391 6207 948 2973
1430.38 27750 6808 1414 9392 6211 949 2976
1431.52 27777 6812 1413 9401 6222 953 2976
1432.61 27780 6812 1413 9399 6227 952 2977
1433.67 27794 6815 1412 9404 6229 955 2979
1434.74 27803 6817 1412 9408 6229 955 2982
1435.77 27823 6819 1412 9411 6240 959 2982
1436.78 27822 6818 1414 9413 6235 959 2983
1437.83 27841 6819 1413 9425 6241 959 2984
1439.04 27853 6820 1413 9425 6250 960 2985
1440.12 27871 6821 1414 9429 6261 961 2985
1441.12 27894 6824 1414 9434 6270 964 2988
1442.16 27904 6825 1415 9433 6273 966 2992
1443.32 27913 6825 1416 9437 6275 967 2993
1444.51 27933 6824 1414 9446 6289 970 2990
1445.53 27954 6824 1416 9446 6301 974 2993
1446.54 27962 6827 1417 9448 6303 974 2993
1447.61 27979 6826 1417 9454 6312 977 2993
1448.65 27985 6827 1418 9456 6314 978 2992
1449.85 28000 6826 1421 9460 6319 978 2996
1450.95 28016 6830 1422 9462 6326 980 2996
1451.96 28019 6829 1421 9469 6324 979 2997
1452.97 28049 6832 1419 9476 6341 982 2999
1454.02 28053 6826 1421 9480 6342 982 3002
1455.04 28076 6827 1422 9479 6355 986 3007
1456.04 28095 6830 1422 9488 6362 986 3007
1457.16 28101 6831 1422 9488 6364 987 3009
1458.24 28107 6832 1422 9490 6367 987 3009
1459.44 28125 6832 1421 9497 6376 989 3010
1460.48 28136 6831 1422 9503 6382 989 3009
1461.55 28146 6834 1422 9503 6384 992 3011
1462.78 28164 6836 1420 9507 6393 994 3014
1463.81 28179 6839 1420 9509 6400 994 3017
1464.84 28187 6839 1421 9514 6402 995 3016
1465.97 28204 6838 1423 9520 6408 998 3017
1467.17 28214 6838 1425 9526 6410 999 3016
1468.24 28229 6844 1426 9527 6414 1001 3017
1469.32 28252 6843 1426 9527 6430 1003 3023
1470.33 28261 6845 1427 9527 6433 1004 3025
1471.53 28278 6843 1427 9534 6440 1009 3025
1472.57 28271 6843 1427 9532 6437 1008 3024
1473.8 28299 6843 1427 9533 6458 1012 3026
1474.87 28305 6843 1429 9531 6462 1014 3026
1475.94 28314 6845 1429 9534 6467 1014 3025
1476.97 28334 6845 1431 9540 6479 1014 3025
1478.01 28349 6845 1429 9541 6490 1015 3029
1479.05 28362 6846 1431 9544 6499 1014 3028
1480.11 28373 6849 1432 9545 6502 1016 3029
1481.32 28403 6849 1432 9550 6522 1020 3030
1482.42 28409 6850 1432 9556 6521 1020 3030
1483.42 28426 6853 1432 9559 6526 1024 3032
1484.46 28431 6858 1433 9562 6523 1023 3032
1485.63 28455 6861 1434 9563 6537 1027 3033
1486.75 28469 6863 1434 9569 6542 1028 3033
1487.76 28485 6868 1434 9577 6545 1028 3033
1488.79 28495 6866 1434 9578 6553 1030 3034
1489.84 28499 6865 1434 9579 6556 1031 3034
1490.94 28518 6868 1435 9582 6564 1033 3036
1492.09 28528 6868 1435 9588 6564 1034 3039
1493.1 28532 6866 1435 9592 6562 1037 3040
1494.28 28559 6864 1433 9599 6580 1042 3041
1495.37 28565 6866 1434 9603 6578 1042 3042
1496.52 28580 6866 1435 9604 6585 1047 3043
1497.56 28591 6873 1435 9609 6585 1047 3042
1498.59 28604 6876 1432 9613 6595 1047 3041
1499.73 28614 6878 1434 9618 6594 1047 3043
1501.02 28638 6880 1434 9618 6610 1050 3046
1502.03 28647 6881 1435 9616 6615 1051 3049
1503.12 28663 6882 1437 9620 6620 1053 3051
1504.38 28675 6883 1438 9620 6630 1055 3049
1505.55 28680 6880 1438 9626 6631 1056 3049
1506.71 28702 6883 1440 9627 6642 1058 3052
1507.81 28711 6883 1439 9633 6643 1059 3054
1509.05 28737 6884 1441 9635 6663 1059 3055
1510.09 28733 6885 1442 9633 6661 1058 3054
1511.15 28758 6885 1442 9637 6677 1062 3055
1512.22 28772 6891 1442 9639 6678 1064 3058
1513.23 28785 6897 1441 9643 6681 1064 3059
1514.33 28799 6901 1441 9646 6684 1065 3062
1515.41 28817 6902 1443 9652 6693 1065 3062
1516.42 28822 6906 1442 9653 6694 1064 3063
1517.48 28836 6908 1444 9659 6697 1065 3063
1518.59 28856 6910 1443 9662 6711 1068 3062
1519.62 28851 6909 1443 9661 6707 1067 3064
1520.65 28867 6911 1442 9665 6714 1069 3066
1521.86 28884 6912 1443 9672 6719 1074 3064
1522.87 28889 6917 1443 9673 6719 1073 3064
1523.88 28904 6916 1444 9676 6728 1077 3063
1524.96 28915 6919 1443 9676 6730 1079 3068
1526.02 28938 6919 1442 9683 6744 1083 3067
1527.03 28952 6922 1443 9686 6750 1083 3068
1528.28 28961 6923 1443 9685 6757 1083 3070
1529.42 28974 6926 1443 9689 6763 1085 3068
1530.43 28979 6924 1444 9690 6766 1086 3069
1531.5 29004 6922 1444 9695 6782 1088 3073
1532.53 29002 6922 1443 9693 6783 1087 3074
1533.65 29021 6922 1444 9697 6794 1091 3073
1534.73 29034 6921 1445 9698 6802 1094 3074
1535.9 29055 6922 1445 9701 6813 1096 3078
1537.12 29064 6924 1446 9701 6817 1096 3080
1538.17 29072 6922 1447 9704 6823 1095 3081
1539.22 29081 6925 1445 9708 6825 1096 3082
1540.28 29088 6928 1443 9711 6827 1097 3082
1541.49 29108 6931 1444 9713 6837 1098 3085
1542.52 29119 6934 1442 9712 6845 1098 3088
1543.56 29136 6935 1443 9714 6858 1100 3086
1544.59 29145 6940 1441 9718 6859 1100 3087
1545.69 29163 6939 1441 9723 6873 1101 3086
1546.94 29178 6941 1439 9723 6884 1105 3086
1548.01 29183 6941 1439 9725 6885 1108 3085
1549.19 29195 6941 1443 9725 6889 1110 3087
1550.27 29212 6942 1444 9728 6899 1113 3086
1551.51 29229 6942 1445 9735 6905 1115 3087
1552.58 29238 6947 1446 9736 6907 1116 3086
1553.65 29253 6949 1445 9739 6916 1116 3088
1554.65 29262 6953 1445 9744 6916 1116 3088
1555.69 29270 6952 1445 9747 6922 1116 3088
1556.72 29275 6957 1444 9751 6922 1115 3086
1557.91 29289 6956 1446 9751 6932 1116 3088
1559.07 29300 6955 1446 9752 6939 1120 3088
1560.08 29309 6958 1445 9757 6943 1119 3087
1561.12 29316 6959 1445 9760 6945 1119 3088
1562.21 29324 6962 1446 9762 6944 1120 3090
1563.34 29338 6963 1448 9769 6947 1121 3090
1564.48 29341 6965 1448 9769 6944 1122 3093
1565.63 29355 6966 1449 9774 6948 1125 3093
1566.81 29373 6966 1449 9775 6963 1127 3093
1567.98 29384 6971 1448 9780 6963 1128 3094
1569.11 29403 6971 1449 9787 6974 1128 3094
1570.2 29420 6974 1447 9791 6983 1130 3095
1571.3 29423 6975 1448 9788 6984 1131 3097
1572.43 29433 6977 1448 9789 6990 1133 3096
1573.77 29445 6978 1449 9793 6992 1133 3100
1574.92 29463 6981 1450 9795 6999 1136 3102
1576 29468 6983 1451 9797 6997 1137 3103
1577.06 29481 6982 1451 9799 7009 1137 3103
1578.26 29486 6984 1452 9799 7009 1138 3104
1579.31 29489 6988 1451 9798 7008 1138 3106
1580.49 29510 6989 1451 9801 7023 1141 3105
1581.6 29528 6991 1452 9802 7034 1143 3106
1582.67 29536 6994 1451 9806 7038 1142 3105
1583.69 29552 6997 1453 9808 7044 1142 3108
1584.7 29555 6997 1453 9807 7050 1142 3106
1585.76 29559 6999 1453 9806 7051 1143 3107
1587 29576 6999 1454 9808 7061 1143 3111
1588.07 29587 6997 1455 9811 7069 1144 3111
1589.11 29582 6998 1453 9808 7066 1144 3113
1590.12 29600 7000 1454 9813 7073 1146 3114
1591.19 29608 7000 1453 9815 7078 1149 3113
1592.24 29621 7002 1454 9818 7083 1151 3113
1593.33 29620 7002 1455 9817 7083 1151 3112
1594.4 29629 7004 1454 9821 7087 1153 3110
1595.41 29645 7008 1454 9825 7095 1153 3110
1596.46 29653 7009 1456 9827 7099 1153 3109
1597.51 29660 7012 1456 9830 7101 1153 3108
1598.52 29678 7012 1456 9830 7114 1155 3111
1599.53 29684 7013 1455 9834 7115 1157 3110
1600.55 29692 7014 1455 9834 7121 1157 3111
1601.69 29703 7013 1457 9835 7130 1158 3110
1602.7 29717 7016 1458 9836 7133 1160 3114
1603.77 29719 7013 1458 9836 7136 1160 3116
1605 29734 7014 1458 9840 7145 1161 3116
1606.07 29745 7015 1460 9843 7149 1162 3116
1607.11 29758 7017 1459 9839 7164 1162 3117
1608.28 29765 7020 1458 9844 7164 1163 3116
1609.31 29764 7021 1459 9842 7164 1163 3115
1610.34 29771 7024 1461 9841 7166 1164 3115
1611.38 29777 7024 1460 9843 7170 1165 3115
1612.63 29803 7025 1461 9847 7186 1168 3116
1613.68 29806 7025 1463 9844 7189 1169 3116
1614.69 29814 7026 1465 9849 7188 1171 3115
1615.7 29828 7027 1464 9852 7197 1171 3117
1616.72 29843 7033 1465 9854 7200 1172 3119
1617.87 29853 7033 1465 9853 7210 1172 3120
1618.99 29859 7034 1465 9857 7210 1173 3120
1620.09 29871 7035 1466 9858 7213 1176 3123
1621.2 29880 7036 1466 9860 7218 1178 3122
1622.24 29885 7038 1465 9864 7219 1177 3122
1623.38 29902 7042 1465 9864 7228 1179 3124
1624.42 29900 7041 1467 9865 7226 1179 3122
1625.44 29904 7042 1469 9865 7226 1178 3124
1626.52 29924 7045 1470 9869 7233 1182 3125
1627.58 29938 7044 1470 9870 7241 1187 3126
1628.63 29939 7045 1468 9871 7242 1187 3126
1629.66 29949 7048 1469 9873 7246 1187 3126
1630.75 29964 7051 1469 9880 7249 1189 3126
1631.86 29975 7051 1470 9880 7259 1191 3124
1632.89 29984 7051 1472 9881 7262 1194 3124
1633.96 29987 7049 1473 9883 7260 1197 3125
1635.09 30004 7050 1473 9889 7266 1201 3125
1636.19 30013 7048 1473 9888 7274 1205 3125
1637.24 30027 7050 1474 9890 7279 1208 3126
1638.28 30025 7052 1473 9892 7276 1206 3126
1639.42 30035 7055 1475 9897 7276 1205 3127
1640.54 30051 7058 1477 9904 7278 1207 3127
1641.56 30063 7061 1475 9911 7281 1207 3128
1642.56 30064 7062 1477 9911 7281 1206 3127
1643.61 30074 7061 1477 9914 7286 1206 3130
1644.71 30095 7062 1480 9918 7293 1211 3131
1645.81 30092 7062 1479 9918 7292 1211 3130
1646.96 30099 7059 1479 9920 7300 1213 3128
1648.01 30100 7060 1479 9921 7300 1212 3128
1649.14 30115 7064 1477 9923 7308 1214 3129
1650.14 30124 7066 1478 9927 7309 1214 3130
1651.15 30124 7065 1477 9929 7310 1214 3129
1652.2 30131 7066 1479 9931 7311 1214 3130
1653.24 30139 7066 1479 9930 7317 1215 3132
1654.41 30153 7065 1480 9934 7325 1217 3132
1655.49 30159 7068 1479 9936 7326 1217 3133
1656.6 30168 7071 1481 9940 7327 1216 3133
1657.71 30177 7070 1481 9944 7333 1217 3132
1658.87 30187 7072 1482 9947 7336 1219 3131
1659.92 30195 7075 1481 9949 7340 1218 3132
1661.05 30211 7082 1481 9951 7345 1218 3134
1662.06 30216 7086 1481 9953 7345 1217 3134
1663.07 30226 7086 1482 9956 7349 1217 3136
1664.08 30233 7085 1482 9956 7355 1218 3137
1665.12 30240 7090 1482 9957 7355 1219 3137
1666.24 30257 7094 1482 9960 7363 1219 3139
1667.34 30256 7095 1483 9961 7358 1218 3141
1668.36 30261 7095 1484 9961 7361 1219 3141
1669.45 30282 7097 1486 9967 7371 1221 3140
1670.57 30289 7096 1486 9969 7373 1225 3140
1671.59 30293 7097 1487 9970 7373 1225 3141
1672.73 30304 7100 1488 9974 7374 1226 3142
1673.74 30313 7103 1488 9977 7377 1226 3142
1674.79 30319 7108 1488 9978 7377 1226 3142
1675.91 30329 7110 1490 9982 7379 1226 3142
1676.92 30341 7111 1491 9986 7384 1227 3142
1678.07 30349 7113 1490 9991 7386 1228 3141
1679.08 30356 7114 1492 9991 7392 1227 3140
1680.09 30359 7117 1492 9991 7389 1229 3141
1681.12 30369 7120 1492 9993 7393 1229 3142
1682.22 30382 7119 1492 9997 7402 1230 3142
1683.34 30380 7118 1491 10000 7398 1230 3143
1684.37 30386 7120 1491 10002 7401 1228 3144
1685.48 30393 7119 1491 10005 7403 1229 3146
1686.62 30409 7120 1491 10006 7414 1231 3147
1687.76 30417 7123 1491 10008 7418 1231 3146
1688.97 30419 7127 1490 10008 7418 1231 3145
1690.03 30430 7128 1491 10013 7420 1231 3147
1691.16 30433 7130 1491 10015 7420 1231 3146
1692.17 30442 7132 1490 10017 7421 1233 3149
1693.31 30444 7131 1490 10016 7423 1234 3150
1694.33 30449 7135 1492 10018 7422 1233 3149
1695.36 30453 7133 1490 10021 7426 1233 3150
1696.43 30466 7133 1491 10025 7433 1234 3150
1697.52 30469 7135 1491 10025 7435 1234 3149
1698.54 30477 7137 1490 10027 7440 1234 3149
1699.68 30478 7137 1491 10029 7438 1234 3149
1700.7 30486 7139 1491 10029 7441 1236 3150
1701.76 30490 7138 1492 10027 7445 1237 3151
1702.78 30498 7138 1491 10028 7451 1239 3151
1703.84 30507 7138 1491 10030 7458 1240 3150
1704.86 30513 7140 1491 10032 7461 1239 3150
1705.88 30521 7143 1492 10034 7462 1239 3151
1707 30527 7143 1493 10034 7466 1239 3152
1708.14 30533 7143 1493 10037 7470 1239 3151
1709.25 30536 7143 1493 10039 7470 1238 3153
1710.27 30543 7146 1494 10039 7471 1239 3154
1711.29 30548 7146 1495 10037 7477 1240 3153
1712.3 30552 7147 1495 10039 7478 1241 3152
1713.37 30561 7148 1495 10039 7481 1244 3154
1714.45 30564 7152 1496 10040 7481 1244 3151
1715.54 30570 7153 1500 10041 7483 1243 3150
1716.59 30578 7154 1498 10043 7488 1244 3151
1717.71 30581 7154 1497 10041 7491 1246 3152
1718.77 30594 7154 1496 10048 7496 1248 3152
1719.86 30592 7153 1497 10048 7493 1249 3152
1720.9 30606 7154 1496 10049 7504 1250 3153
1722.06 30603 7155 1496 10047 7502 1250 3153
1723.07 30609 7156 1496 10051 7504 1250 3152
1724.27 30621 7158 1497 10050 7509 1252 3155
1725.27 30626 7160 1499 10048 7510 1251 3158
1726.31 30636 7160 1498 10050 7514 1253 3161
1727.54 30636 7161 1498 10049 7512 1253 3163
1728.62 30646 7162 1498 10056 7514 1255 3161
1729.64 30652 7162 1497 10057 7518 1256 3162
1730.69 30655 7164 1497 10058 7517 1258 3161
1731.74 30655 7166 1495 10059 7516 1257 3162
1732.93 30667 7167 1496 10061 7521 1258 3164
1734.04 30671 7166 1496 10064 7521 1260 3164
1735.12 30683 7174 1496 10065 7521 1261 3166
1736.21 30689 7175 1496 10069 7521 1262 3166
1737.4 30693 7175 1495 10070 7525 1263 3165
1738.49 30700 7177 1495 10070 7528 1264 3166
1739.65 30707 7178 1494 10071 7534 1264 3166
1740.66 30711 7181 1495 10069 7536 1264 3166
1741.78 30728 7183 1495 10071 7545 1267 3167
1742.95 30738 7184 1495 10071 7552 1267 3169
1744.09 30744 7188 1497 10070 7553 1266 3170
1745.16 30749 7191 1496 10068 7559 1266 3169
1746.2 30760 7190 1496 10073 7566 1266 3169
1747.28 30771 7191 1496 10074 7575 1267 3168
1748.35 30771 7190 1495 10074 7575 1267 3170
1749.38 30786 7194 1496 10074 7583 1269 3170
1750.42 30784 7191 1497 10074 7580 1270 3172
1751.43 30792 7196 1498 10078 7578 1270 3172
1752.56 30795 7193 1498 10077 7582 1271 3174
1753.68 30799 7196 1498 10074 7586 1270 3175
1754.95 30803 7195 1498 10077 7589 1270 3174
1756.01 30807 7193 1499 10076 7593 1271 3175
1757.15 30810 7197 1498 10077 7594 1271 3173
1758.22 30817 7199 1499 10080 7595 1271 3173
1759.29 30822 7198 1499 10085 7596 1273 3171
1760.3 30827 7199 1500 10084 7598 1274 3172
1761.42 30830 7199 1500 10089 7595 1275 3172
1762.43 30836 7200 1500 10090 7599 1274 3173
1763.45 30843 7198 1501 10090 7605 1275 3174
1764.54 30847 7199 1500 10092 7607 1276 3173
1765.65 30853 7200 1501 10091 7611 1277 3173
1766.82 30858 7199 1501 10092 7614 1279 3173
1767.82 30856 7200 1500 10093 7612 1277 3174
1769 30862 7199 1501 10094 7614 1279 3175
1770.16 30870 7199 1501 10096 7618 1280 3176
1771.19 30875 7201 1502 10098 7618 1279 3177
1772.23 30889 7202 1504 10098 7626 1281 3178
1773.26 30896 7208 1502 10100 7627 1280 3179
1774.29 30901 7208 1502 10101 7627 1281 3182
1775.31 30900 7210 1503 10100 7626 1279 3182
1776.37 30907 7211 1503 10099 7630 1281 3183
1777.4 30914 7212 1503 10101 7633 1281 3184
1778.45 30919 7213 1502 10103 7634 1283 3184
1779.66 30926 7214 1503 10105 7638 1283 3183
1780.67 30927 7216 1503 10106 7637 1281 3184
1781.72 30943 7226 1505 10105 7642 1282 3183
1782.93 30947 7224 1505 10104 7648 1283 3183
1783.96 30958 7228 1503 10104 7652 1285 3186
1784.99 30962 7229 1503 10104 7655 1285 3186
1786.12 30961 7229 1503 10105 7653 1286 3185
1787.25 30977 7232 1504 10110 7660 1287 3184
1788.28 30976 7232 1504 10108 7659 1289 3184
1789.31 30984 7232 1503 10109 7666 1289 3185
1790.35 30989 7233 1504 10110 7667 1289 3186
1791.4 30994 7236 1504 10114 7667 1289 3184
1792.62 31004 7235 1503 10116 7672 1291 3187
1793.66 31003 7236 1504 10116 7672 1290 3185
1794.91 31010 7236 1504 10121 7674 1290 3185
1796.01 31017 7238 1504 10121 7679 1290 3185
1797.02 31020 7242 1504 10119 7679 1290 3186
1798.03 31023 7243 1505 10120 7677 1291 3187
1799.14 31036 7246 1505 10123 7683 1292 3187
1800.22 31035 7245 1504 10125 7683 1292 3186
1801.31 31043 7244 1503 10127 7688 1294 3187
1802.41 31047 7244 1503 10128 7691 1295 3186
1803.54 31058 7245 1504 10128 7698 1296 3187
1804.58 31059 7247 1504 10128 7696 1296 3188
1805.61 31062 7248 1505 10128 7695 1297 3189
1806.62 31070 7251 1506 10130 7698 1297 3188
1807.69 31071 7251 1506 10132 7697 1297 3188
1808.88 31070 7252 1506 10134 7694 1298 3186
1809.97 31077 7254 1507 10136 7696 1298 3186
1811 31085 7257 1507 10140 7698 1298 3185
1812.04 31089 7257 1508 10141 7700 1297 3186
1813.08 31097 7258 1507 10146 7704 1298 3184
1814.19 31101 7258 1507 10146 7708 1298 3184
1815.2 31102 7258 1507 10148 7709 1296 3184
1816.23 31112 7262 1507 10150 7713 1298 3182
1817.59 31122 7265 1508 10153 7714 1298 3184
1818.62 31121 7268 1508 10152 7711 1298 3184
1819.65 31129 7270 1509 10152 7714 1299 3185
1820.8 31131 7270 1508 10152 7716 1300 3185
1822 31136 7271 1508 10155 7719 1298 3185
1823.08 31143 7275 1507 10156 7722 1298 3185
1824.15 31142 7275 1508 10154 7723 1298 3184
1825.17 31149 7276 1508 10158 7725 1297 3185
1826.18 31153 7277 1508 10157 7728 1298 3185
1827.21 31164 7279 1510 10159 7733 1298 3185
1828.21 31171 7282 1510 10158 7738 1298 3185
1829.23 31171 7282 1509 10157 7740 1298 3185
1830.27 31177 7285 1509 10158 7741 1298 3186
1831.32 31188 7286 1508 10156 7750 1299 3189
1832.41 31186 7285 1509 10156 7748 1298 3190
1833.45 31184 7286 1509 10157 7743 1298 3191
1834.76 31191 7285 1510 10156 7749 1300 3191
1835.77 31199 7288 1510 10160 7746 1301 3194
1836.95 31205 7290 1510 10160 7751 1301 3193
1837.96 31208 7291 1510 10160 7751 1303 3193
1839.12 31212 7294 1511 10161 7750 1302 3194
1840.24 31213 7296 1511 10161 7748 1302 3195
1841.38 31216 7295 1511 10161 7753 1301 3195
1842.48 31215 7297 1511 10160 7750 1301 3196
1843.48 31220 7298 1511 10159 7753 1302 3197
1844.54 31222 7298 1511 10161 7753 1303 3196
1845.68 31235 7300 1512 10163 7759 1305 3196
1846.72 31235 7300 1510 10162 7763 1305 3195
1847.8 31240 7301 1511 10163 7763 1304 3198
1848.9 31248 7302 1511 10166 7766 1304 3199
1849.92 31248 7303 1510 10166 7767 1303 3199
1850.95 31255 7303 1510 10170 7769 1304 3199
1852.06 31256 7305 1510 10170 7768 1303 3200
1853.15 31260 7305 1510 10171 7770 1303 3201
1854.21 31259 7305 1510 10172 7768 1303 3201
1855.42 31259 7306 1511 10168 7770 1303 3201
1856.51 31263 7309 1510 10168 7772 1303 3201
1857.56 31269 7309 1510 10167 7780 1302 3201
1858.56 31272 7311 1511 10168 7780 1302 3200
1859.81 31278 7311 1511 10168 7785 1303 3200
1861.04 31282 7311 1511 10170 7789 1303 3198
1862.14 31299 7314 1511 10174 7795 1306 3199
1863.17 31299 7314 1512 10176 7793 1305 3199
1864.18 31301 7315 1512 10175 7794 1306 3199
1865.25 31304 7316 1511 10177 7794 1306 3200
1866.35 31313 7317 1512 10179 7797 1308 3200
1867.4 31317 7319 1513 10183 7795 1308 3199
1868.6 31323 7320 1514 10183 7797 1310 3199
1869.61 31324 7320 1514 10179 7802 1311 3198
1870.61 31337 7325 1515 10183 7804 1313 3197
1871.67 31340 7328 1514 10186 7802 1313 3197
1872.8 31340 7327 1514 10188 7802 1313 3196
1873.92 31350 7328 1515 10190 7806 1313 3198
1874.95 31353 7328 1514 10190 7811 1313 3197
1876.1 31358 7329 1515 10189 7813 1313 3199
1877.28 31355 7330 1515 10188 7812 1312 3198
1878.33 31367 7333 1515 10191 7815 1314 3199
1879.34 31376 7333 1516 10189 7821 1314 3203
1880.5 31380 7333 1516 10191 7821 1315 3204
1881.65 31376 7335 1515 10191 7817 1314 3204
1882.74 31383 7336 1515 10190 7823 1316 3203
1883.92 31384 7335 1516 10193 7822 1315 3203
1884.93 31380 7334 1515 10192 7820 1315 3204
1886.11 31389 7335 1516 10188 7829 1317 3204
1887.12 31391 7336 1515 10190 7829 1317 3204
1888.3 31398 7336 1516 10194 7831 1318 3203
1889.34 31397 7336 1516 10194 7831 1317 3203
1890.35 31400 7338 1515 10195 7831 1317 3204
1891.37 31405 7339 1516 10195 7832 1317 3206
1892.42 31412 7340 1517 10195 7835 1320 3205
1893.51 31413 7341 1516 10196 7835 1320 3205
1894.6 31418 7341 1517 10198 7837 1320 3205
1895.62 31420 7342 1517 10199 7836 1321 3205
1896.63 31427 7344 1517 10201 7839 1322 3204
1897.68 31426 7343 1517 10200 7840 1322 3204
1898.71 31428 7342 1517 10203 7839 1321 3206
1899.72 31432 7342 1517 10202 7844 1322 3205
1900.79 31436 7341 1517 10202 7846 1325 3205
1901.8 31437 7344 1517 10201 7846 1323 3206
1902.92 31436 7344 1515 10202 7846 1323 3206
1904.1 31450 7344 1516 10205 7853 1326 3206
1905.22 31448 7344 1516 10205 7852 1325 3206
1906.38 31450 7347 1516 10206 7851 1325 3205
1907.48 31453 7349 1515 10206 7849 1327 3207
1908.64 31465 7351 1516 10208 7855 1326 3209
1909.68 31471 7352 1514 10212 7856 1327 3210
1910.73 31472 7350 1514 10211 7858 1329 3210
1911.74 31481 7352 1515 10213 7862 1330 3209
1912.87 31480 7351 1513 10214 7862 1330 3210
1913.92 31483 7353 1513 10215 7861 1332 3209
1914.99 31484 7354 1514 10217 7859 1331 3209
1916.03 31487 7355 1513 10217 7862 1332 3208
1917.09 31493 7356 1513 10218 7864 1333 3209
1918.27 31499 7356 1512 10221 7866 1335 3209
1919.28 31504 7359 1513 10219 7868 1335 3210
1920.44 31508 7361 1514 10223 7867 1334 3209
1921.48 31510 7364 1513 10222 7867 1335 3209
1922.53 31512 7365 1513 10221 7869 1336 3208
1923.64 31515 7366 1513 10224 7869 1335 3208
1924.71 31519 7369 1512 10226 7867 1336 3209
1925.73 31523 7369 1512 10228 7869 1337 3208
1926.97 31529 7368 1511 10232 7871 1338 3209
1928.16 31532 7369 1511 10233 7871 1339 3209
1929.33 31534 7372 1510 10231 7874 1338 3209
1930.34 31535 7372 1510 10231 7874 1339 3209
1931.46 31540 7374 1509 10232 7875 1340 3210
1932.5 31544 7376 1509 10233 7877 1339 3210
1933.66 31547 7378 1510 10234 7877 1339 3209
1934.73 31553 7379 1509 10235 7881 1340 3209
1935.92 31564 7384 1509 10241 7881 1339 3210
1937.06 31565 7385 1508 10243 7879 1339 3211
1938.21 31567 7386 1509 10242 7881 1339 3210
1939.35 31568 7385 1511 10243 7881 1339 3209
1940.39 31572 7387 1510 10245 7882 1339 3209
1941.4 31576 7387 1512 10244 7884 1340 3209
1942.44 31584 7385 1512 10246 7889 1341 3211
1943.59 31590 7384 1512 10247 7894 1342 3211
1944.6 31592 7385 1512 10245 7895 1343 3212
1945.79 31593 7382 1511 10242 7903 1343 3212
1946.99 31598 7381 1511 10244 7905 1345 3212
1948.03 31602 7382 1512 10243 7908 1344 3213
1949.04 31610 7383 1513 10244 7912 1344 3214
1950.1 31610 7386 1513 10245 7908 1344 3214
1951.24 31614 7385 1513 10245 7914 1344 3213
1952.28 31613 7385 1514 10243 7915 1343 3213
1953.36 31617 7387 1514 10244 7912 1345 3215
1954.38 31620 7386 1514 10243 7916 1346 3215
1955.39 31624 7387 1514 10245 7916 1346 3216
1956.49 31621 7388 1514 10243 7916 1345 3215
1957.61 31624 7391 1513 10243 7917 1346 3214
1958.69 31624 7391 1513 10245 7915 1346 3214
1959.76 31633 7392 1513 10245 7922 1347 3214
1960.84 31635 7393 1512 10245 7922 1348 3215
1961.91 31642 7393 1511 10249 7925 1350 3214
1962.99 31641 7393 1511 10248 7924 1350 3215
1964.19 31644 7395 1511 10251 7923 1350 3214
1965.24 31647 7395 1511 10251 7923 1351 3216
1966.26 31647 7397 1512 10250 7922 1350 3216
1967.27 31644 7397 1513 10249 7920 1350 3215
1968.27 31647 7399 1512 10252 7919 1350 3215
1969.31 31650 7398 1513 10253 7920 1351 3215
1970.32 31653 7399 1513 10254 7921 1351 3215
1971.45 31651 7400 1512 10255 7920 1351 3213
1972.47 31656 7400 1512 10256 7922 1352 3214
1973.57 31657 7402 1511 10256 7922 1352 3214
1974.68 31660 7400 1510 10258 7927 1352 3213
1975.74 31664 7402 1510 10256 7928 1353 3215
1976.76 31668 7404 1511 10256 7930 1353 3214
1977.76 31675 7406 1511 10257 7932 1353 3216
1978.79 31675 7406 1511 10255 7931 1354 3218
1979.91 31672 7404 1511 10257 7930 1354 3216
1981.02 31684 7407 1510 10262 7935 1354 3216
1982.03 31687 7407 1510 10263 7937 1355 3215
1983.09 31687 7408 1510 10265 7934 1355 3215
1984.12 31684 7407 1510 10263 7933 1356 3215
1985.12 31689 7410 1510 10262 7935 1357 3215
1986.24 31695 7409 1510 10262 7941 1358 3215
1987.41 31691 7410 1511 10260 7937 1358 3215
1988.56 31701 7414 1511 10260 7943 1359 3214
1989.67 31706 7414 1511 10259 7948 1359 3215
1990.68 31708 7414 1511 10260 7948 1360 3215
1991.71 31713 7415 1510 10261 7952 1360 3215
1992.83 31721 7414 1510 10263 7956 1362 3216
1993.94 31721 7415 1511 10260 7956 1362 3217
1995.05 31721 7413 1511 10261 7957 1361 3218
1996.07 31724 7413 1510 10263 7958 1361 3219
1997.14 31725 7412 1510 10263 7960 1361 3219
1998.25 31726 7413 1510 10264 7959 1361 3219
1999.48 31729 7412 1509 10265 7963 1362 3218
2000.61 31730 7412 1510 10264 7965 1361 3218
2001.63 31736 7414 1510 10267 7966 1361 3218
2002.65 31740 7414 1510 10270 7967 1361 3218
2003.76 31741 7415 1510 10267 7970 1361 3218
2004.86 31744 7415 1510 10269 7973 1360 3217
2005.87 31749 7414 1510 10271 7977 1361 3216
2007.01 31744 7414 1509 10273 7973 1360 3215
2008.11 31748 7416 1508 10274 7973 1361 3216
2009.18 31753 7415 1510 10274 7977 1361 3216
2010.2 31759 7417 1510 10277 7979 1361 3215
2011.3 31761 7416 1511 10278 7983 1360 3213
2012.32 31771 7419 1510 10282 7986 1360 3214
2013.34 31772 7420 1510 10280 7987 1361 3214
2014.53 31775 7420 1511 10281 7987 1361 3215
2015.66 31777 7421 1511 10284 7987 1360 3214
2016.81 31784 7421 1511 10286 7989 1362 3215
2017.84 31790 7421 1512 10286 7992 1363 3216
2018.88 31786 7421 1512 10285 7992 1361 3215
2019.96 31789 7422 1512 10287 7990 1362 3216
2021.01 31787 7422 1512 10289 7987 1361 3216
2022.15 31786 7422 1511 10289 7989 1360 3215
2023.18 31789 7422 1511 10291 7990 1360 3215
2024.25 31787 7422 1512 10290 7990 1359 3214
2025.28 31792 7422 1512 10290 7993 1360 3215
2026.47 31796 7425 1512 10291 7994 1360 3214
2027.49 31796 7428 1512 10289 7993 1359 3215
2028.49 31803 7430 1512 10289 7997 1360 3215
2029.61 31807 7429 1512 10289 8001 1361 3215
2030.65 31812 7430 1512 10291 8002 1362 3215
2031.66 31815 7429 1514 10291 8003 1363 3215
2032.79 31815 7429 1514 10289 8004 1365 3214
2033.9 31818 7432 1515 10289 8003 1365 3214
2034.96 31818 7432 1515 10289 8004 1365 3213
2036.08 31818 7433 1515 10289 8005 1364 3212
2037.17 31826 7434 1517 10291 8008 1363 3213
2038.2 31827 7435 1516 10290 8009 1363 3214
2039.33 31831 7436 1517 10292 8008 1363 3215
2040.38 31832 7437 1517 10294 8005 1363 3216
2041.46 31836 7438 1518 10294 8007 1363 3216
2042.57 31830 7437 1518 10292 8006 1363 3214
2043.59 31838 7438 1518 10294 8010 1363 3215
2044.7 31839 7437 1518 10295 8010 1364 3215
2045.87 31843 7435 1517 10296 8014 1365 3216
2047.01 31844 7437 1519 10293 8013 1365 3217
2048.06 31846 7436 1518 10298 8012 1365 3217
2049.06 31850 7440 1518 10299 8012 1365 3216
2050.1 31848 7440 1518 10297 8011 1365 3217
2051.22 31850 7440 1518 10298 8012 1365 3217
2052.33 31856 7441 1517 10298 8015 1366 3219
2053.51 31860 7444 1517 10298 8016 1366 3219
2054.52 31862 7444 1516 10298 8019 1366 3219
2055.64 31864 7443 1516 10298 8022 1367 3218
2056.75 31867 7445 1516 10297 8024 1367 3218
2057.77 31865 7446 1516 10296 8023 1366 3218
2058.9 31870 7446 1517 10297 8026 1366 3218
2059.95 31871 7446 1518 10296 8027 1366 3218
2061.09 31877 7447 1518 10297 8030 1367 3218
2062.12 31876 7448 1517 10297 8029 1367 3218
2063.23 31882 7449 1518 10295 8033 1368 3219
2064.24 31886 7452 1519 10295 8034 1368 3218
2065.26 31886 7452 1519 10295 8035 1367 3218
2066.3 31881 7452 1517 10294 8034 1366 3218
2067.31 31891 7454 1518 10297 8038 1366 3218
2068.32 31894 7455 1519 10297 8037 1366 3220
2069.41 31895 7456 1519 10294 8038 1368 3220
2070.51 31894 7455 1521 10293 8036 1369 3220
2071.61 31896 7456 1521 10295 8035 1369 3220
2072.8 31893 7454 1520 10295 8035 1369 3220
2073.82 31900 7456 1521 10296 8036 1370 3221
2074.96 31904 7456 1522 10297 8038 1370 3221
2076.15 31900 7457 1520 10298 8035 1369 3221
2077.2 31902 7459 1520 10300 8034 1369 3220
2078.26 31902 7460 1519 10301 8034 1369 3219
2079.28 31906 7460 1519 10302 8035 1370 3220
2080.37 31903 7460 1518 10302 8035 1370 3218
2081.44 31905 7459 1520 10299 8039 1370 3218
2082.56 31902 7458 1520 10301 8035 1370 3218
2083.61 31904 7458 1520 10300 8038 1371 3217
2084.64 31906 7457 1520 10301 8037 1373 3218
2085.64 31910 7457 1519 10300 8041 1374 3219
2086.74 31911 7458 1520 10298 8042 1373 3220
2087.92 31916 7460 1520 10297 8045 1374 3220
2088.94 31910 7457 1520 10297 8044 1373 3219
2090.17 31916 7457 1521 10297 8046 1375 3220
2091.28 31918 7458 1520 10298 8046 1375 3221
2092.29 31917 7458 1519 10298 8046 1374 3222
2093.32 31919 7461 1520 10299 8044 1375 3220
2094.44 31921 7459 1521 10298 8047 1376 3220
2095.47 31922 7461 1520 10298 8047 1376 3220
2096.5 31926 7461 1520 10300 8049 1375 3221
2097.55 31928 7462 1521 10299 8050 1375 3221
2098.72 31931 7463 1521 10299 8052 1375 3221
2099.81 31929 7463 1522 10298 8051 1375 3220
2100.98 31931 7464 1521 10297 8052 1376 3221
2102.03 31924 7463 1519 10295 8050 1377 3220
2103.06 31927 7464 1520 10297 8051 1376 3219
2104.11 31929 7464 1521 10297 8052 1377 3218
2105.17 31933 7463 1521 10300 8056 1377 3216
2106.32 31934 7464 1521 10298 8057 1376 3218
2107.47 31936 7467 1521 10297 8057 1377 3217
2108.66 31936 7466 1521 10295 8059 1378 3217
2109.78 31933 7465 1522 10295 8057 1377 3217
2110.86 31934 7466 1522 10294 8058 1377 3217
2111.95 31933 7465 1522 10293 8058 1378 3217
2113.02 31935 7465 1522 10293 8058 1378 3219
2114.2 31942 7467 1522 10294 8060 1380 3219
2115.34 31941 7467 1522 10292 8064 1379 3217
2116.51 31940 7466 1521 10292 8063 1380 3218
2117.62 31942 7468 1521 10293 8062 1380 3218
2118.74 31940 7467 1519 10294 8063 1378 3219
2119.85 31944 7466 1520 10294 8065 1380 3219
2120.86 31946 7468 1520 10293 8064 1380 3221
2122.06 31946 7471 1519 10293 8063 1378 3222
2123.11 31945 7471 1520 10291 8062 1379 3222
2124.24 31952 7471 1520 10290 8068 1380 3223
2125.34 31950 7471 1520 10288 8068 1381 3222
2126.44 31955 7474 1520 10293 8067 1380 3221
2127.55 31960 7475 1520 10295 8068 1381 3221
2128.77 31964 7477 1520 10295 8070 1382 3220
2129.82 31967 7480 1520 10294 8071 1382 3220
2130.97 31966 7479 1520 10295 8071 1382 3219
2132.02 31973 7481 1521 10296 8072 1384 3219
2133.08 31971 7481 1520 10295 8071 1384 3220
2134.11 31978 7485 1522 10296 8071 1385 3219
2135.21 31981 7484 1522 10299 8073 1385 3218
2136.29 31982 7485 1522 10300 8072 1385 3218
2137.46 31987 7486 1522 10303 8073 1386 3217
2138.58 31988 7488 1523 10303 8072 1385 3217
2139.61 31991 7489 1523 10304 8072 1386 3217
2140.71 31983 7487 1521 10304 8069 1385 3217
2141.72 31984 7487 1520 10304 8070 1386 3217
2142.89 31991 7487 1521 10302 8077 1388 3216
2144.05 31994 7488 1521 10303 8077 1389 3216
2145.08 32001 7489 1521 10303 8082 1391 3215
2146.12 31998 7490 1521 10304 8078 1390 3215
2147.28 32000 7491 1521 10303 8079 1391 3215
2148.39 32005 7495 1522 10305 8078 1390 3215
2149.43 32006 7494 1521 10305 8080 1392 3214
2150.45 32009 7494 1522 10306 8079 1393 3215
2151.57 32006 7492 1522 10306 8079 1393 3214
2152.67 32003 7491 1522 10304 8078 1394 3214
2153.67 32011 7494 1522 10305 8081 1394 3215
2154.7 32015 7494 1521 10309 8083 1393 3215
2155.75 32015 7495 1521 10307 8084 1393 3215
2156.76 32015 7498 1520 10309 8081 1392 3215
2157.92 32018 7496 1520 10309 8085 1393 3215
2159.02 32016 7497 1520 10308 8084 1392 3215
2160.14 32017 7496 1520 10308 8086 1392 3215
2161.28 32020 7497 1519 10309 8087 1393 3215
2162.4 32018 7497 1519 10307 8088 1393 3214
2163.43 32021 7498 1519 10306 8091 1393 3214
2164.52 32027 7498 1520 10307 8094 1393 3215
2165.56 32030 7498 1520 10307 8097 1394 3214
2166.71 32029 7497 1521 10306 8096 1394 3215
2167.74 32034 7499 1521 10308 8096 1394 3216
2168.79 32032 7500 1520 10306 8096 1395 3215
2169.81 32034 7502 1520 10305 8096 1395 3216
2170.9 32036 7503 1521 10305 8097 1395 3215
2171.91 32038 7504 1521 10306 8096 1396 3215
2172.93 32041 7504 1521 10306 8099 1396 3215
2173.93 32038 7504 1521 10306 8096 1396 3215
2175.01 32043 7507 1521 10308 8096 1396 3215
2176.07 32042 7506 1521 10309 8095 1397 3214
2177.14 32047 7509 1522 10309 8096 1397 3214
2178.14 32051 7511 1522 10308 8097 1398 3215
2179.17 32050 7511 1523 10308 8098 1397 3213
2180.17 32053 7512 1522 10310 8099 1397 3213
2181.18 32051 7511 1522 10308 8099 1397 3214
2182.4 32057 7513 1520 10308 8104 1397 3215
2183.6 32063 7516 1520 10310 8105 1398 3214
2184.68 32062 7515 1518 10310 8107 1398 3214
2185.78 32066 7517 1518 10311 8108 1398 3214
2186.82 32069 7516 1518 10313 8109 1398 3215
2187.85 32070 7517 1517 10312 8111 1398 3215
2188.89 32069 7516 1519 10312 8109 1398 3215
2189.93 32070 7518 1519 10310 8110 1398 3215
2190.96 32069 7518 1519 10309 8108 1398 3217
2191.97 32072 7517 1519 10312 8109 1398 3217
2192.98 32075 7517 1520 10313 8110 1398 3217
2194.03 32081 7517 1522 10314 8113 1399 3216
2195.04 32088 7519 1522 10315 8117 1399 3216
2196.08 32091 7521 1522 10315 8118 1400 3215
2197.15 32090 7521 1521 10313 8119 1399 3217
2198.29 32095 7523 1520 10313 8122 1400 3217
2199.36 32099 7524 1522 10313 8123 1400 3217
2200.39 32103 7527 1523 10313 8123 1400 3217
2201.42 32102 7529 1523 10313 8120 1399 3218
2202.46 32105 7529 1522 10313 8122 1400 3219
2203.56 32105 7530 1522 10312 8122 1399 3220
2204.63 32108 7531 1522 10312 8124 1399 3220
2205.76 32109 7531 1522 10312 8125 1399 3220
2206.82 32110 7533 1523 10312 8124 1398 3220
2207.92 32115 7534 1522 10314 8126 1399 3220
2209.02 32116 7534 1523 10314 8125 1400 3220
2210.08 32117 7535 1523 10314 8125 1400 3220
2211.14 32116 7536 1523 10313 8125 1398 3221
2212.16 32115 7535 1523 10314 8124 1397 3222
2213.22 32116 7536 1522 10315 8123 1398 3222
2214.27 32121 7537 1522 10315 8127 1399 3221
2215.3 32122 7536 1523 10316 8127 1399 3221
2216.33 32120 7537 1523 10314 8127 1399 3220
2217.39 32123 7538 1523 10314 8127 1400 3221
2218.4 32128 7540 1523 10314 8130 1401 3220
2219.42 32127 7540 1523 10311 8131 1402 3220
2220.52 32130 7542 1523 10311 8132 1401 3221
2221.55 32130 7541 1523 10311 8133 1401 3221
2222.63 32130 7541 1522 10311 8134 1401 3221
2223.65 32135 7544 1522 10313 8134 1401 3221
2224.65 32138 7544 1523 10312 8136 1402 3221
2225.82 32145 7545 1523 10316 8140 1401 3220
2226.96 32143 7544 1523 10317 8137 1401 3221
2227.98 32145 7544 1523 10317 8138 1403 3220
2229.08 32148 7546 1523 10320 8137 1401 3221
2230.18 32152 7548 1523 10319 8140 1401 3221
2231.27 32150 7549 1524 10318 8137 1401 3221
2232.38 32147 7549 1522 10318 8136 1401 3221
2233.39 32151 7552 1523 10317 8138 1400 3221
2234.43 32152 7553 1523 10317 8137 1401 3221
2235.56 32154 7554 1524 10317 8136 1401 3222
2236.78 32157 7554 1525 10318 8137 1400 3223
2237.8 32157 7554 1525 10317 8138 1400 3223
2239.02 32164 7555 1525 10319 8141 1401 3223
2240.04 32168 7557 1525 10319 8142 1402 3223
2241.07 32173 7558 1524 10322 8143 1403 3223
2242.17 32170 7557 1524 10320 8142 1403 3224
2243.33 32168 7559 1524 10319 8139 1402 3225
2244.56 32173 7562 1524 10320 8139 1403 3225
2245.64 32173 7561 1524 10319 8140 1403 3226
2246.75 32174 7562 1524 10318 8140 1403 3227
2247.79 32178 7565 1524 10319 8139 1403 3228
2248.84 32178 7565 1525 10319 8138 1403 3228
2249.88 32183 7567 1526 10318 8140 1404 3228
2250.9 32179 7566 1525 10317 8138 1404 3229
2251.97 32184 7566 1525 10321 8137 1405 3230
2253.03 32185 7567 1525 10319 8137 1405 3232
2254.04 32185 7569 1524 10320 8135 1404 3233
2255.05 32184 7568 1524 10321 8134 1404 3233
2256.14 32188 7570 1525 10322 8134 1404 3233
2257.17 32189 7572 1525 10320 8134 1405 3233
2258.31 32194 7574 1526 10320 8136 1406 3232
2259.42 32198 7576 1525 10321 8137 1407 3232
2260.61 32195 7574 1526 10322 8135 1407 3231
2261.8 32201 7574 1528 10323 8137 1407 3232
2262.8 32204 7576 1528 10324 8138 1406 3232
2263.87 32201 7576 1527 10321 8137 1407 3233
2265.02 32205 7577 1528 10324 8136 1407 3233
2266.02 32207 7581 1529 10322 8136 1406 3233
2267.09 32208 7580 1528 10324 8135 1408 3233
2268.25 32211 7582 1529 10322 8137 1408 3233
2269.42 32214 7586 1528 10321 8137 1409 3233
2270.43 32216 7589 1528 10322 8136 1408 3233
2271.6 32219 7590 1528 10322 8137 1408 3234
2272.64 32221 7592 1528 10322 8138 1408 3233
2273.68 32223 7593 1527 10321 8141 1407 3234
2274.74 32223 7591 1528 10320 8141 1409 3234
2275.94 32224 7591 1528 10321 8142 1409 3233
2277.13 32233 7594 1529 10322 8145 1410 3233
2278.15 32233 7593 1528 10320 8149 1410 3233
2279.26 32234 7596 1530 10319 8147 1409 3233
2280.37 32237 7598 1530 10322 8145 1409 3233
2281.42 32245 7598 1530 10324 8149 1410 3234
2282.46 32246 7600 1530 10324 8148 1410 3234
2283.5 32241 7600 1530 10323 8144 1410 3234
2284.62 32239 7598 1530 10324 8142 1410 3235
2285.79 32243 7599 1531 10322 8146 1410 3235
2287 32248 7600 1531 10323 8149 1410 3235
2288.02 32246 7600 1531 10320 8148 1411 3236
2289.07 32249 7600 1531 10322 8150 1411 3235
2290.13 32257 7603 1532 10322 8152 1411 3237
2291.15 32259 7605 1531 10321 8154 1411 3237
2292.25 32257 7606 1531 10321 8152 1410 3237
2293.25 32261 7607 1533 10320 8155 1410 3236
2294.31 32261 7608 1532 10318 8156 1411 3236
2295.46 32266 7609 1533 10317 8158 1412 3237
2296.52 32265 7611 1533 10317 8156 1410 3238
2297.53 32272 7613 1532 10319 8157 1412 3239
2298.59 32275 7614 1533 10319 8158 1412 3239
2299.66 32278 7615 1533 10320 8160 1412 3238
2300.67 32277 7615 1533 10319 8160 1412 3238
2301.7 32277 7615 1532 10321 8159 1411 3239
2302.75 32276 7616 1533 10321 8155 1412 3239
2303.85 32277 7618 1532 10320 8157 1411 3239
2305.01 32279 7620 1531 10320 8157 1412 3239
2306.05 32282 7622 1532 10322 8155 1412 3239
2307.09 32282 7623 1532 10323 8155 1411 3238
2308.19 32283 7625 1532 10322 8155 1410 3239
2309.21 32282 7625 1532 10322 8154 1410 3239
2310.3 32288 7626 1532 10323 8158 1410 3239
2311.32 32287 7626 1532 10324 8156 1410 3239
2312.33 32292 7626 1532 10325 8158 1411 3240
2313.47 32297 7627 1533 10329 8157 1411 3240
2314.5 32295 7627 1533 10326 8158 1411 3240
2315.53 32298 7628 1533 10327 8159 1411 3240
2316.68 32300 7628 1533 10327 8159 1412 3241
2317.72 32301 7631 1533 10326 8157 1412 3242
2318.77 32301 7630 1534 10326 8157 1412 3242
2319.85 32300 7629 1534 10327 8155 1412 3243
2320.92 32298 7631 1533 10327 8153 1411 3243
2321.95 32298 7631 1533 10326 8152 1411 3245
2323.02 32304 7633 1533 10326 8155 1412 3245
2324.06 32305 7633 1533 10326 8156 1412 3245
2325.1 32306 7634 1533 10326 8155 1412 3246
2326.28 32311 7635 1532 10327 8160 1411 3246
2327.38 32309 7637 1532 10325 8159 1410 3246
2328.43 32314 7637 1533 10327 8160 1411 3246
2329.48 32316 7638 1534 10327 8160 1411 3246
2330.59 32323 7641 1533 10328 8163 1412 3246
2331.73 32321 7637 1533 10328 8162 1414 3247
2332.75 32318 7637 1532 10328 8160 1413 3248
2333.82 32325 7639 1533 10327 8163 1414 3249
2334.84 32325 7640 1533 10327 8163 1414 3248
2335.91 32326 7641 1531 10330 8161 1415 3248
2337 32333 7642 1532 10333 8162 1416 3248
2338.06 32333 7643 1533 10333 8159 1417 3248
2339.14 32331 7643 1532 10333 8159 1416 3248
2340.17 32330 7644 1533 10331 8157 1416 3249
