6.0	239.20699999999997
12.0	224.981
18.0	231.88400000000001
24.0	232.02733333333333
30.0	234.34466666666665
36.0	230.976
42.0	229.797
48.0	224.45533333333333
54.0	232.948
60.0	222.88033333333337
66.0	218.5536666666667
72.0	221.82266666666666
78.0	218.20766666666668
84.0	220.67566666666667
90.0	223.74566666666666
96.0	218.20866666666666
102.0	223.74333333333334
108.0	222.54166666666666
114.0	229.343
120.0	221.65066666666667
126.0	207.85366666666664
132.0	233.39333333333335
138.0	218.53366666666668
144.0	217.4043333333333
150.0	215.04266666666663
156.0	223.90266666666665
162.0	220.85333333333332
168.0	219.746
174.0	219.7686666666667
180.0	214.333
186.0	221.69866666666667
192.0	215.1146666666667
198.0	213.5173333333333
204.0	218.311
210.0	225.803
216.0	219.22533333333334
222.0	220.10399999999996
228.0	220.25166666666667
234.0	216.51699999999997
240.0	216.07533333333333
246.0	215.07066666666665
252.0	221.91366666666667
258.0	217.92933333333335
264.0	215.57033333333334
270.0	218.08966666666666
276.0	216.96166666666667
282.0	214.24233333333333
288.0	220.73066666666668
294.0	217.049
300.0	210.74666666666667
306.0	215.75233333333335
312.0	218.34966666666665
318.0	184.82833333333335
324.0	194.15300000000002
330.0	203.65599999999998
336.0	208.83966666666666
342.0	203.89166666666665
348.0	176.31433333333334
354.0	181.3953333333333
360.0	187.98733333333334
366.0	184.72733333333335
372.0	184.32366666666667
378.0	179.21699999999998
384.0	206.975
390.0	182.1206666666667
396.0	181.3516666666667
402.0	180.00500000000002
408.0	183.119
414.0	176.919
420.0	175.79666666666665
426.0	175.13066666666668
432.0	194.93233333333333
438.0	174.78400000000002
444.0	187.941
450.0	175.72433333333333
456.0	175.101
462.0	194.81466666666665
468.0	175.76966666666667
474.0	178.117
480.0	177.54566666666668
486.0	173.22799999999998
492.0	184.60566666666668
498.0	176.06499999999997
504.0	169.82966666666667
510.0	180.22199999999998
516.0	173.57000000000002
522.0	183.495
528.0	170.782
534.0	171.939
540.0	178.0773333333333
546.0	177.49266666666668
552.0	175.6353333333333
558.0	175.322
564.0	171.37766666666667
570.0	176.50033333333332
576.0	170.19166666666666
582.0	171.66933333333336
588.0	171.707
594.0	172.56833333333336
600.0	169.70966666666666
606.0	169.84333333333333
612.0	174.6113333333333
618.0	177.85266666666666
624.0	168.3036666666667
630.0	174.1876666666667
636.0	147.26000000000002
642.0	148.86566666666667
648.0	170.14233333333334
654.0	164.148
660.0	162.95766666666668
666.0	151.54433333333336
672.0	171.537
678.0	142.14866666666668
684.0	156.95966666666666
690.0	165.691
696.0	162.19866666666667
702.0	155.376
708.0	161.16866666666667
714.0	163.27966666666669
720.0	152.44899999999998
726.0	154.336
732.0	165.13333333333333
738.0	154.1543333333333
744.0	145.3216666666667
750.0	158.39033333333333
756.0	157.84400000000002
762.0	145.48033333333333
768.0	152.76
774.0	161.29466666666667
780.0	156.19266666666667
786.0	154.05666666666667
792.0	156.24800000000002
798.0	158.32633333333334
804.0	144.05033333333333
810.0	150.53366666666668
816.0	160.31766666666667
822.0	152.10966666666664
828.0	152.04166666666669
834.0	158.84766666666664
840.0	162.545
846.0	156.17433333333335
852.0	147.63366666666667
858.0	153.428
864.0	152.99766666666667
870.0	138.10999999999999
876.0	150.953
882.0	154.19733333333332
888.0	150.69766666666666
894.0	141.82133333333334
900.0	143.617
906.0	154.1903333333333
912.0	151.67033333333333
918.0	144.315
924.0	141.18366666666665
930.0	157.10633333333337
936.0	147.256
942.0	144.85299999999998
948.0	150.37333333333333
954.0	156.6783333333333
960.0	140.42366666666666
966.0	152.35566666666668
972.0	153.68800000000002
978.0	144.18933333333334
984.0	145.70033333333333
990.0	151.60966666666664
996.0	153.47066666666666
1002.0	144.32266666666666
1008.0	139.25833333333333
1014.0	150.29633333333334
1020.0	154.321
1026.0	146.4573333333333
1032.0	149.12900000000002
1038.0	144.36766666666668
1044.0	154.27866666666668
1050.0	149.609
1056.0	141.15133333333333
1062.0	157.42
1068.0	135.80233333333334
1074.0	142.87533333333332
1080.0	158.79666666666665
1086.0	152.96966666666665
1092.0	143.04999999999998
1098.0	148.67733333333334
1104.0	150.88766666666666
1110.0	154.276
1116.0	140.05766666666668
1122.0	147.56533333333334
1128.0	155.51966666666667
1134.0	146.50566666666666
1140.0	144.602
1146.0	142.52700000000002
1152.0	146.37066666666666
1158.0	153.596
1164.0	141.22766666666666
1170.0	148.76766666666666
1176.0	153.87233333333333
1182.0	148.92233333333334
1188.0	145.52133333333333
1194.0	148.91833333333332
1200.0	152.60799999999998
