6.0	212.029
12.0	170.98000000000002
18.0	169.95566666666664
24.0	217.912
30.0	222.97000000000003
36.0	221.5436666666667
42.0	221.1713333333333
48.0	223.963
54.0	189.00699999999998
60.0	185.95366666666666
66.0	210.65633333333335
72.0	209.65066666666667
78.0	204.72333333333336
84.0	200.60733333333334
90.0	208.67499999999998
96.0	197.629
102.0	204.25766666666667
108.0	209.94166666666663
114.0	189.08866666666665
120.0	199.977
126.0	202.00433333333334
132.0	212.525
138.0	205.83033333333333
144.0	190.66966666666667
150.0	208.98800000000003
156.0	174.782
162.0	184.95899999999997
168.0	180.059
174.0	173.16966666666667
180.0	178.60566666666668
186.0	184.924
192.0	181.29366666666667
198.0	171.965
204.0	175.43866666666668
210.0	179.6963333333333
216.0	174.60233333333335
222.0	170.64
228.0	180.567
234.0	179.08433333333332
240.0	170.79100000000003
246.0	170.13533333333334
252.0	162.33900000000003
258.0	166.148
264.0	199.49233333333336
270.0	191.89766666666665
276.0	199.32899999999998
282.0	200.41733333333332
288.0	190.73833333333332
294.0	205.71833333333333
300.0	196.53633333333335
306.0	203.515
312.0	189.5103333333333
318.0	199.032
324.0	200.965
330.0	161.65766666666667
336.0	84.17966666666666
342.0	84.78533333333333
348.0	151.075
354.0	107.81966666666666
360.0	84.65766666666666
366.0	136.70633333333333
372.0	87.43799999999999
378.0	126.462
384.0	101.30466666666666
390.0	85.765
396.0	127.33466666666665
402.0	84.361
408.0	138.046
414.0	104.46233333333333
420.0	83.93866666666668
426.0	131.83100000000002
432.0	85.90833333333335
438.0	117.53099999999999
444.0	96.25466666666667
450.0	110.41233333333334
456.0	89.20733333333332
462.0	80.46833333333335
468.0	79.11066666666667
474.0	79.04899999999999
480.0	80.974
486.0	78.938
492.0	79.12700000000001
498.0	143.76200000000003
504.0	94.40066666666667
510.0	80.90566666666668
516.0	78.66266666666667
522.0	113.74066666666666
528.0	114.062
534.0	74.92800000000001
540.0	131.71266666666665
546.0	93.745
552.0	75.675
558.0	77.70733333333334
564.0	94.36066666666666
570.0	139.23366666666666
576.0	85.09033333333333
582.0	74.276
588.0	118.73733333333332
594.0	75.43666666666667
600.0	97.66566666666665
606.0	74.85600000000001
612.0	98.402
618.0	125.53966666666668
624.0	77.60700000000001
630.0	82.06633333333333
636.0	113.45533333333333
642.0	72.90966666666667
648.0	79.136
654.0	112.42233333333336
660.0	69.69933333333334
666.0	89.97433333333333
672.0	112.24866666666667
678.0	69.062
684.0	72.56
690.0	68.69566666666667
696.0	67.72399999999999
702.0	81.17866666666667
708.0	131.72866666666667
714.0	85.90966666666667
720.0	78.25266666666666
726.0	70.73733333333332
732.0	70.895
738.0	70.81400000000001
744.0	70.53466666666667
750.0	71.27
756.0	118.856
762.0	74.54
768.0	62.60366666666666
774.0	110.81433333333332
780.0	75.08766666666666
786.0	61.737
792.0	65.339
798.0	61.248333333333335
804.0	115.61899999999999
810.0	104.83
816.0	70.37366666666667
822.0	59.257666666666665
828.0	113.877
834.0	68.433
840.0	59.71533333333334
846.0	63.67666666666667
852.0	62.014
858.0	65.36733333333333
864.0	63.053999999999995
870.0	60.06433333333333
876.0	58.24699999999999
883.0	158.09866666666667
889.0	75.60900000000001
895.0	60.18533333333334
901.0	63.303666666666665
907.0	109.742
913.0	59.894
919.0	93.28766666666667
925.0	75.655
931.0	71.323
937.0	59.87733333333333
943.0	61.63966666666667
949.0	113.52933333333333
955.0	69.39833333333333
961.0	62.64766666666667
967.0	93.057
973.0	75.94866666666667
979.0	57.927
985.0	66.67999999999999
991.0	81.75699999999999
997.0	83.25433333333332
1003.0	62.225
1009.0	54.836666666666666
1015.0	57.68233333333333
1021.0	59.024
1027.0	54.370000000000005
1033.0	54.687333333333335
1039.0	54.77433333333334
1045.0	55.607
1051.0	72.23266666666666
1057.0	114.983
1063.0	52.18333333333333
1069.0	50.04666666666666
1075.0	49.919999999999995
1081.0	51.39166666666667
1087.0	52.22299999999999
1093.0	51.36333333333334
1099.0	138.153
1105.0	57.39666666666667
1111.0	51.73499999999999
1117.0	50.29633333333334
1123.0	52.540666666666674
1129.0	55.82066666666666
1135.0	53.434666666666665
1141.0	52.94533333333334
1147.0	53.48233333333334
1153.0	50.33266666666666
1159.0	105.96999999999998
1165.0	59.592000000000006
1171.0	48.052
1177.0	51.208
1183.0	76.581
1189.0	83.05733333333333
1195.0	43.904666666666664
