6.0	217.82066666666665
12.0	228.6106666666667
18.0	236.24333333333334
24.0	237.3646666666667
30.0	233.985
36.0	234.11066666666667
42.0	239.37933333333334
48.0	231.736
54.0	230.13233333333335
60.0	219.72633333333332
66.0	218.91833333333332
72.0	228.73366666666666
78.0	220.21266666666668
84.0	210.78599999999997
90.0	211.73966666666664
96.0	211.5436666666667
102.0	212.15666666666667
108.0	220.61933333333332
114.0	210.82933333333332
120.0	215.20166666666668
126.0	197.11133333333336
132.0	214.0426666666667
138.0	192.19766666666666
144.0	205.29099999999997
150.0	216.3373333333333
156.0	192.53866666666667
162.0	210.40133333333333
168.0	197.73366666666666
174.0	175.14333333333332
180.0	217.18999999999997
186.0	187.27933333333337
192.0	200.86966666666663
198.0	177.22966666666665
204.0	197.28333333333333
210.0	191.929
216.0	181.59133333333332
222.0	195.056
228.0	179.6543333333333
234.0	188.941
240.0	185.61066666666667
246.0	157.83433333333332
252.0	198.078
258.0	181.876
264.0	191.09633333333332
270.0	180.756
276.0	184.86433333333332
282.0	175.14533333333335
288.0	199.35066666666668
294.0	156.609
300.0	183.93866666666668
306.0	186.737
312.0	162.98299999999998
318.0	196.4
324.0	140.017
330.0	185.1966666666667
336.0	176.66133333333335
342.0	164.83266666666665
348.0	192.35366666666667
354.0	143.04233333333335
360.0	182.117
366.0	176.64766666666665
372.0	178.0343333333333
378.0	144.011
384.0	170.934
390.0	147.442
396.0	159.24266666666668
402.0	179.19699999999997
408.0	160.60533333333333
414.0	156.8216666666667
420.0	146.87599999999998
426.0	177.821
432.0	155.18066666666667
438.0	178.987
444.0	172.80766666666668
450.0	136.23166666666668
456.0	190.943
462.0	137.30566666666667
468.0	158.92533333333333
474.0	135.52766666666668
480.0	146.30933333333334
486.0	200.282
492.0	120.89799999999998
498.0	171.37866666666665
504.0	153.74866666666665
510.0	146.74866666666665
516.0	141.72099999999998
522.0	192.80499999999998
528.0	159.96400000000003
534.0	136.68733333333333
540.0	162.48066666666668
546.0	134.39533333333335
552.0	131.43233333333333
558.0	177.14700000000002
564.0	145.73833333333334
570.0	153.45533333333333
576.0	161.01166666666666
582.0	167.37266666666667
588.0	124.47366666666669
594.0	150.13933333333333
600.0	137.16933333333336
606.0	165.80233333333334
612.0	160.90099999999998
618.0	150.928
624.0	138.03666666666666
630.0	164.10299999999998
636.0	150.445
642.0	160.566
648.0	133.41933333333333
654.0	166.782
660.0	149.86533333333333
666.0	128.81766666666667
672.0	137.32266666666666
678.0	163.98000000000002
684.0	160.14033333333333
690.0	127.64
696.0	160.28900000000002
702.0	134.06266666666667
708.0	151.72266666666667
714.0	132.91733333333335
720.0	170.03633333333335
726.0	120.997
732.0	154.54033333333334
738.0	148.238
744.0	144.45100000000002
750.0	159.72433333333333
756.0	119.13033333333333
762.0	148.87166666666667
768.0	157.27966666666666
774.0	127.37966666666667
780.0	152.0173333333333
786.0	140.34266666666667
792.0	139.16933333333336
798.0	143.763
804.0	132.17666666666668
810.0	166.25766666666667
816.0	154.27766666666665
822.0	142.5533333333333
828.0	117.18200000000002
834.0	130.85299999999998
840.0	132.09933333333333
846.0	142.89366666666666
852.0	146.02833333333334
858.0	132.654
864.0	148.30266666666668
870.0	141.85266666666666
876.0	129.94833333333335
882.0	151.85
888.0	172.02566666666667
894.0	133.24666666666667
900.0	120.64533333333333
906.0	130.50633333333334
912.0	138.98666666666665
918.0	131.12433333333334
924.0	133.33033333333336
930.0	130.93733333333333
936.0	141.45033333333333
942.0	163.412
948.0	125.06133333333332
954.0	120.30666666666666
960.0	151.32833333333332
966.0	138.62966666666668
972.0	122.56833333333333
978.0	144.135
984.0	128.31833333333333
990.0	145.707
996.0	123.10066666666667
1002.0	133.49699999999999
1008.0	135.42933333333335
1014.0	131.11533333333333
1020.0	156.29933333333335
1026.0	132.82933333333332
1032.0	157.31433333333334
1038.0	131.26066666666668
1044.0	134.20366666666666
1050.0	130.22766666666666
1056.0	131.77266666666665
1062.0	144.25866666666667
1068.0	145.72666666666666
1074.0	106.29166666666667
1080.0	152.73566666666667
1086.0	116.21966666666667
1092.0	141.88633333333334
1098.0	125.64633333333335
1104.0	141.42
1110.0	140.65533333333335
1116.0	113.447
1122.0	148.185
1128.0	113.57766666666667
1134.0	150.178
1140.0	112.57366666666667
1146.0	144.44266666666667
1152.0	126.94966666666666
1158.0	130.79166666666666
1164.0	155.98266666666666
1170.0	110.26066666666667
1176.0	118.42933333333333
1182.0	108.461
1188.0	122.57133333333333
1194.0	155.0956666666667
