6.0	244.71333333333334
12.0	231.40166666666667
18.0	234.76733333333334
24.0	237.504
30.0	232.82000000000002
36.0	235.71966666666665
42.0	231.66933333333336
48.0	237.37599999999998
54.0	222.54700000000003
60.0	220.23799999999997
66.0	218.2193333333333
72.0	221.489
78.0	219.601
84.0	219.42600000000002
90.0	219.41466666666665
96.0	212.41566666666668
102.0	216.72299999999998
108.0	226.80733333333333
114.0	217.82033333333334
120.0	219.21466666666666
126.0	217.72433333333333
132.0	218.1963333333333
138.0	216.69566666666665
144.0	214.619
150.0	219.22333333333333
156.0	215.5283333333333
162.0	216.65266666666665
168.0	215.2266666666667
174.0	217.71833333333333
180.0	222.03300000000002
186.0	218.083
192.0	212.73833333333334
198.0	217.41533333333334
204.0	216.0956666666667
210.0	216.69966666666664
216.0	209.41799999999998
222.0	213.21733333333336
228.0	223.8503333333333
234.0	214.37766666666667
240.0	217.07399999999998
246.0	214.95399999999998
252.0	213.80633333333333
258.0	215.581
264.0	221.82033333333334
270.0	212.67366666666666
276.0	215.04966666666667
282.0	217.11266666666666
288.0	207.90366666666668
294.0	77.839
300.0	152.21733333333333
306.0	71.21500000000002
312.0	164.89733333333334
318.0	73.207
324.0	163.11666666666665
330.0	78.94633333333333
336.0	154.36766666666665
342.0	95.38900000000001
348.0	140.186
354.0	93.981
360.0	136.72866666666667
366.0	90.157
372.0	116.16033333333333
378.0	119.957
384.0	96.92533333333334
390.0	141.86333333333334
396.0	104.26933333333334
402.0	120.72366666666669
408.0	103.15333333333332
414.0	102.72633333333334
420.0	119.31133333333334
426.0	101.70866666666666
432.0	126.89499999999998
438.0	70.288
444.0	152.74033333333333
450.0	68.94533333333334
456.0	150.09866666666667
462.0	86.68299999999999
468.0	92.42399999999999
474.0	136.502
480.0	66.355
486.0	155.417
492.0	99.31233333333334
498.0	77.039
504.0	66.313
510.0	168.22733333333335
516.0	97.47433333333333
522.0	80.03433333333334
528.0	136.216
534.0	76.03066666666668
540.0	135.82233333333332
546.0	63.620666666666665
552.0	123.254
558.0	90.406
564.0	126.64566666666667
570.0	101.98766666666666
576.0	81.05933333333333
582.0	93.69200000000001
588.0	126.45833333333333
594.0	65.07733333333334
600.0	129.80066666666667
606.0	72.07066666666667
612.0	112.26400000000001
618.0	90.85966666666667
624.0	56.76133333333333
630.0	125.76633333333335
636.0	76.72
642.0	69.915
648.0	153.769
654.0	70.05433333333333
660.0	90.58066666666666
666.0	54.702999999999996
672.0	148.17600000000002
678.0	91.555
684.0	52.77166666666667
690.0	70.44533333333334
696.0	52.059333333333335
702.0	168.93733333333333
708.0	72.721
714.0	94.51299999999999
720.0	93.73933333333333
726.0	90.09066666666666
732.0	49.44566666666666
738.0	123.33266666666667
744.0	82.17933333333333
750.0	48.79266666666666
756.0	140.62133333333335
762.0	66.027
768.0	55.10066666666666
774.0	140.614
780.0	56.64000000000001
786.0	112.16699999999999
792.0	83.466
798.0	71.04033333333334
804.0	105.80933333333333
810.0	64.54633333333334
816.0	82.77566666666667
822.0	48.84133333333333
828.0	113.91333333333334
834.0	51.064
840.0	124.12033333333333
846.0	50.52066666666667
852.0	97.82099999999998
858.0	98.92366666666668
864.0	47.720666666666666
870.0	134.56500000000003
876.0	56.35999999999999
882.0	47.85966666666667
888.0	141.66333333333333
894.0	55.43
900.0	88.12933333333335
906.0	103.32933333333334
912.0	83.72966666666667
918.0	53.02833333333333
924.0	83.77566666666667
930.0	48.41633333333334
936.0	109.24166666666667
942.0	98.90666666666665
948.0	63.020999999999994
954.0	45.55733333333333
960.0	95.66966666666667
966.0	64.913
972.0	135.417
978.0	68.59533333333333
984.0	45.12566666666667
990.0	45.92966666666667
996.0	156.19633333333334
1002.0	81.72666666666667
1008.0	62.76333333333333
1014.0	93.23733333333332
1020.0	77.45100000000001
1026.0	53.92066666666667
1032.0	40.54866666666667
1038.0	133.358
1044.0	56.679
1050.0	42.12466666666667
1056.0	134.30599999999998
1062.0	52.528
1068.0	44.483000000000004
1074.0	133.83366666666666
1080.0	54.0
1086.0	45.016
1092.0	131.74033333333333
1098.0	65.63866666666667
1104.0	44.958333333333336
1110.0	43.541666666666664
1116.0	123.43599999999999
1122.0	86.08133333333332
1128.0	58.42633333333333
1134.0	45.83733333333333
1140.0	42.56666666666666
1146.0	157.447
1152.0	74.47066666666666
1158.0	77.257
1164.0	55.97233333333333
1170.0	42.608666666666664
1176.0	120.44033333333333
1182.0	63.13633333333333
1188.0	42.78900000000001
1194.0	121.71366666666665
1200.0	57.349333333333334
