1 37.6033
2 37.6028
3 37.5412
4 37.4971
5 37.4712
6 37.4708
7 37.4696
8 37.4679
9 37.47
10 37.4697
11 37.4702
12 37.4711
13 37.469
14 37.4695
15 37.469
16 37.4691
17 37.4695
18 37.4697
19 37.4693
20 37.4697
21 37.4701
22 37.471
23 37.4707
24 37.4708
25 37.4713
26 37.4684
27 37.4695
28 37.4694
29 37.4695
30 37.469
31 37.4692
32 37.4689
33 37.4688
34 37.4694
35 37.4694
36 37.4689
37 37.4692
38 37.4702
39 37.4699
40 37.4706
41 37.4705
42 37.4716
43 37.4716
44 37.4721
45 37.4715
46 37.4711
47 37.4706
48 37.4972
49 37.4967
50 37.4956
51 37.4944
52 37.492
53 37.4915
54 37.4907
55 37.4908
56 37.4922
57 37.4908
58 37.4893
59 37.4894
60 37.4886
61 37.4891
62 37.4889
63 37.4891
64 37.4897
65 37.4896
66 37.4893
67 37.4889
68 37.4893
69 37.4887
70 37.4871
71 37.489
72 37.4894
73 37.4892
74 37.4884
75 37.4879
76 37.4875
77 37.488
78 37.488
79 37.487
80 37.487
81 37.487
82 37.4861
83 37.4866
84 37.4864
85 37.4865
86 37.4869
87 37.4867
88 37.4869
89 37.486
90 37.4857
91 37.4853
92 37.4854
93 37.4847
94 37.4858
95 37.4852
96 37.4852
97 37.483
98 37.4822
99 37.4818
100 37.482
101 37.4803
102 37.4802
103 37.4803
104 37.4774
105 37.4777
106 37.4776
107 37.4765
108 37.4771
109 37.4772
110 37.4765
111 37.4774
112 37.4773
113 37.4761
114 37.4775
115 37.4762
116 37.4768
117 37.4769
118 37.4771
119 37.4765
120 37.4769
121 37.4778
122 37.4769
123 37.4778
124 37.4775
125 37.4775
126 37.477
127 37.4773
128 37.4776
129 37.4774
130 37.4767
131 37.4785
132 37.4784
133 37.4786
134 37.479
135 37.4788
136 37.4792
137 37.4792
138 37.4768
139 37.4767
140 37.4775
141 37.4766
142 37.4777
143 37.4771
144 37.4783
145 37.4785
146 37.4775
147 37.4769
148 37.4764
149 37.4769
150 37.4773
151 37.4764
152 37.4768
153 37.477
154 37.4771
155 37.4759
156 37.4756
157 37.4749
158 37.4732
159 37.4717
160 37.4718
161 37.4707
162 37.4713
163 37.4701
164 37.4707
165 37.4709
166 37.4715
167 37.474
168 37.4746
169 37.4746
170 37.4751
171 37.4737
172 37.475
173 37.475
174 37.4749
175 37.4756
176 37.4757
177 37.4761
178 37.475
179 37.4751
180 37.475
181 37.4753
182 37.4761
183 37.4749
184 37.4754
185 37.4739
186 37.4723
187 37.4728
188 37.4718
189 37.4727
190 37.4713
191 37.4715
192 37.4714
193 37.4719
194 37.4725
195 37.473
196 37.4733
197 37.4736
198 37.4731
199 37.4726
200 37.4732
201 37.4735
202 37.4734
203 37.4735
204 37.4731
205 37.4734
206 37.474
207 37.4734
208 37.4727
209 37.4727
210 37.473
211 37.4733
212 37.4743
213 37.4735
214 37.4727
215 37.4741
216 37.4725
217 37.4731
218 37.4725
219 37.4726
220 37.4733
221 37.4726
222 37.473
223 37.4732
224 37.4728
225 37.4727
226 37.4727
227 37.4858
228 37.4899
229 37.4888
230 37.4889
231 37.4883
232 37.4883
233 37.4872
234 37.4879
235 37.4875
236 37.4874
237 37.4874
238 37.4879
239 37.4874
240 37.4882
241 37.4884
242 37.4884
243 37.4876
244 37.4875
245 37.4859
246 37.4856
247 37.4852
248 37.4842
249 37.4897
250 37.4886
251 37.4862
252 37.4867
253 37.4857
254 37.4842
255 37.4843
256 37.4819
257 37.4907
258 37.4895
259 37.4877
260 37.4828
261 37.4865
262 37.4856
263 37.4848
264 37.4863
265 37.4856
266 37.4819
267 37.4852
268 37.4826
269 37.4873
270 37.4864
271 37.4851
272 37.4842
273 37.4857
274 37.4851
275 37.4849
276 37.4842
277 37.4841
278 37.4909
279 37.4913
280 37.4905
281 37.4903
282 37.4896
283 37.4899
284 37.489
285 37.4842
286 37.489
287 37.4868
288 37.4756
289 37.4871
290 37.4923
291 37.4881
292 37.4916
293 37.4839
294 37.492
295 37.4902
296 37.4894
297 37.4908
298 37.4837
299 37.4872
300 37.492
301 37.4916
302 37.4869
303 37.4878
304 37.4917
305 37.4921
306 37.4911
307 37.4921
308 37.4909
309 37.4905
310 37.4881
311 37.4912
312 37.4911
313 37.4886
314 37.4918
315 37.4876
316 37.4913
317 37.4914
318 37.4915
319 37.4917
320 37.4909
321 37.4903
322 37.4918
323 37.4919
324 37.4923
325 37.4815
326 37.4982
327 37.4975
328 37.5029
329 37.5018
330 37.5018
331 37.5018
332 37.4979
333 37.4976
334 37.4937
335 37.4986
336 37.5005
337 37.5015
338 37.5017
339 37.5018
340 37.498
341 37.5016
342 37.503
343 37.5033
344 37.5033
345 37.5037
346 37.5035
347 37.5026
348 37.4977
349 37.5025
350 37.5015
351 37.5029
352 37.5029
353 37.5033
354 37.4987
355 37.5013
356 37.4993
357 37.4983
358 37.5018
359 37.5019
360 37.502
361 37.5028
362 37.5042
363 37.5023
364 37.5027
365 37.498
366 37.4948
367 37.502
368 37.502
369 37.5036
370 37.5015
371 37.5003
372 37.4999
373 37.4992
374 37.4957
375 37.5019
376 37.4907
377 37.4998
378 37.4954
379 37.4997
380 37.5022
381 37.5023
382 37.5019
383 37.5023
384 37.5013
385 37.5003
386 37.5001
387 37.4979
388 37.4978
389 37.4978
390 37.4947
391 37.4953
392 37.4944
393 37.4888
394 37.4921
395 37.4872
396 37.4921
397 37.4903
398 37.4896
399 37.4892
400 37.4873
401 37.4874
402 37.4869
403 37.4865
404 37.4837
405 37.4833
406 37.4831
407 37.4818
408 37.482
409 37.4818
410 37.4529
411 37.4791
412 37.4788
413 37.4428
414 37.4772
415 37.4789
416 37.4786
417 37.488
418 37.4867
419 37.4899
420 37.4889
421 37.4895
422 37.4884
423 37.4964
424 37.4957
425 37.4876
426 37.4986
427 37.4974
428 37.4954
429 37.4962
430 37.4919
431 37.4928
432 37.4915
433 37.4917
434 37.4883
435 37.4887
436 37.4891
437 37.4888
438 37.4882
439 37.4871
440 37.4855
441 37.4841
442 37.4851
443 37.4852
444 37.4842
445 37.4948
446 37.4934
447 37.4939
448 37.4937
449 37.4942
450 37.4932
451 37.4928
452 37.4924
453 37.4916
454 37.4931
455 37.4918
456 37.4896
457 37.493
458 37.4888
459 37.4883
460 37.4884
461 37.4901
462 37.4857
463 37.4883
464 37.4903
465 37.4875
466 37.4906
467 37.4911
468 37.4884
469 37.4901
470 37.4815
471 37.4893
472 37.4883
473 37.4898
474 37.4886
475 37.4873
476 37.4856
477 37.4847
478 37.4843
479 37.4816
480 37.478
481 37.4901
482 37.4906
483 37.4813
484 37.4879
485 37.4848
486 37.5002
487 37.4893
488 37.4996
489 37.4995
490 37.4968
491 37.4993
492 37.4992
493 37.497
494 37.4968
495 37.496
496 37.4955
497 37.482
498 37.4908
499 37.4871
500 37.4929
501 37.491
502 37.491
503 37.4906
504 37.4864
505 37.4975
506 37.498
507 37.4978
508 37.4959
509 37.4929
510 37.4976
511 37.4941
512 37.4929
513 37.4932
514 37.4936
515 37.4917
516 37.4903
517 37.4907
518 37.489
519 37.49
520 37.4928
521 37.4902
522 37.4913
523 37.492
524 37.4865
525 37.4878
526 37.4873
527 37.4868
528 37.487
529 37.4863
530 37.4788
531 37.4789
532 37.4898
533 37.4919
534 37.4917
535 37.487
536 37.4896
537 37.4893
538 37.4858
539 37.4909
540 37.4889
541 37.4851
542 37.4892
543 37.4891
544 37.4893
545 37.4901
546 37.4881
547 37.4882
548 37.4874
549 37.4861
550 37.4748
551 37.4841
552 37.4888
553 37.4869
554 37.4859
555 37.4874
556 37.4887
557 37.489
558 37.4875
559 37.487
560 37.4848
561 37.4838
562 37.4866
563 37.4977
564 37.4983
565 37.4932
566 37.4958
567 37.4982
568 37.4967
569 37.4993
570 37.4995
571 37.4879
572 37.498
573 37.4971
574 37.4966
575 37.4958
576 37.4998
577 37.4996
578 37.4979
579 37.4982
580 37.5004
581 37.4978
582 37.5002
583 37.4971
584 37.4985
585 37.4956
586 37.4949
587 37.4931
588 37.4936
589 37.4988
590 37.494
591 37.4982
592 37.5002
593 37.4929
594 37.4918
595 37.495
596 37.4885
597 37.4908
598 37.4366
599 37.4947
600 37.4916
601 37.4903
602 37.4899
603 37.4892
604 37.4956
605 37.4925
606 37.4915
607 37.4968
608 37.4994
609 37.5011
610 37.5009
611 37.5007
612 37.4978
613 37.4913
614 37.4956
615 37.4967
616 37.4941
617 37.4998
618 37.4991
619 37.5009
620 37.4994
621 37.4978
622 37.4967
623 37.5014
624 37.5016
625 37.4991
626 37.4999
627 37.4981
628 37.4983
629 37.4969
630 37.4974
631 37.4968
632 37.4998
633 37.4922
634 37.4951
635 37.4951
636 37.4943
637 37.4954
638 37.4947
639 37.4994
640 37.499
641 37.4994
642 37.4962
643 37.4992
644 37.4824
645 37.4923
646 37.4981
647 37.4972
648 37.5004
649 37.4999
650 37.5014
651 37.4988
652 37.4988
653 37.499
654 37.4942
655 37.4944
656 37.4929
657 37.4968
658 37.4986
659 37.4961
660 37.4948
661 37.4946
662 37.4994
663 37.4982
664 37.5005
665 37.4969
666 37.5
667 37.4991
668 37.4975
669 37.5006
670 37.502
671 37.4992
672 37.4974
673 37.4986
674 37.4971
675 37.4978
676 37.4982
677 37.4958
678 37.4949
679 37.4951
680 37.4968
681 37.4961
682 37.4968
683 37.4952
684 37.4972
685 37.5009
686 37.4973
687 37.4967
688 37.4956
689 37.495
690 37.4978
691 37.4978
692 37.4995
693 37.4975
694 37.4975
695 37.4951
696 37.4933
697 37.4977
698 37.5016
699 37.5014
700 37.5
701 37.501
702 37.4965
703 37.5009
704 37.4988
705 37.4974
706 37.4964
707 37.5005
708 37.4969
709 37.4984
710 37.5007
711 37.4999
712 37.5008
713 37.4798
714 37.4984
715 37.4952
716 37.4978
717 37.4982
718 37.5009
719 37.5005
720 37.491
721 37.4931
722 37.5009
723 37.5004
724 37.4983
725 37.4981
726 37.4962
727 37.4948
728 37.4986
729 37.4978
730 37.4967
731 37.4982
732 37.5022
733 37.5008
734 37.5002
735 37.4977
736 37.4973
737 37.4988
738 37.4981
739 37.4975
740 37.4968
741 37.4961
742 37.4945
743 37.4951
744 37.4987
745 37.4979
746 37.4952
747 37.4974
748 37.5005
749 37.4994
750 37.497
751 37.4986
752 37.4976
753 37.5021
754 37.5013
755 37.5004
756 37.5001
757 37.4976
758 37.4969
759 37.496
760 37.4968
761 37.5008
762 37.5009
763 37.4991
764 37.4973
765 37.4952
766 37.4963
767 37.4974
768 37.5
769 37.5012
770 37.4796
771 37.4968
772 37.4971
773 37.5
774 37.4995
775 37.497
776 37.4973
777 37.4975
778 37.4975
779 37.4992
780 37.5007
781 37.4997
782 37.5
783 37.4996
784 37.5007
785 37.5013
786 37.4989
787 37.4988
788 37.4976
789 37.5006
790 37.5016
791 37.5008
792 37.4902
793 37.4622
794 37.4996
795 37.4996
796 37.4942
797 37.5008
798 37.4998
799 37.4905
800 37.4998
801 37.4999
802 37.5004
803 37.4993
804 37.4969
805 37.4942
806 37.4938
807 37.4984
808 37.4972
809 37.4987
810 37.4982
811 37.4959
812 37.4932
813 37.4925
814 37.4923
815 37.4916
816 37.4916
817 37.492
818 37.4969
819 37.4967
820 37.5
821 37.5014
822 37.4978
823 37.497
824 37.4977
825 37.4993
826 37.4996
827 37.5016
828 37.4966
829 37.4952
830 37.4946
831 37.4943
832 37.4937
833 37.5004
834 37.5006
835 37.3726
836 37.4956
837 37.5008
838 37.4958
839 37.2177
840 37.3453
841 37.4976
842 37.4928
843 37.4969
844 37.4945
845 37.4928
846 37.4926
847 37.4884
848 37.5008
849 37.4971
850 37.5008
851 37.4973
852 37.499
853 37.4988
854 37.5006
855 37.4996
856 37.5005
857 37.4989
858 37.5
859 37.4988
860 37.4975
861 37.4974
862 37.4924
863 37.5005
864 37.4556
865 37.4973
866 37.5017
867 37.498
868 37.5013
869 37.5004
870 37.4938
871 37.4996
872 37.4872
873 37.5002
874 37.4988
875 37.4963
876 37.4951
877 37.4933
878 37.4929
879 37.4976
880 37.4945
881 37.4981
882 37.4978
883 37.4974
884 37.4962
885 37.4984
886 37.4976
887 37.4968
888 37.4977
889 37.4951
890 37.4943
891 37.4988
892 37.4982
893 37.4941
894 37.4979
895 37.5021
896 37.4929
897 37.5004
898 37.4997
899 37.5013
900 37.5008
901 37.5017
902 37.4932
903 37.5008
904 37.4985
905 37.497
906 37.4983
907 37.4986
908 37.5011
909 37.4932
910 37.4994
911 37.4991
912 37.4982
913 37.4997
914 37.5011
915 37.4988
916 37.4977
917 37.4991
918 37.4997
919 37.4789
920 37.4971
921 37.3292
922 37.4953
923 37.4923
924 37.493
925 37.4924
926 37.4924
927 37.492
928 37.4909
929 37.49
930 37.4893
931 37.4975
932 37.4963
933 37.4962
934 37.501
935 37.5003
936 37.4882
937 37.5029
938 37.4997
939 37.4616
940 37.4954
941 37.4985
942 37.4968
943 37.492
944 37.4936
945 37.4939
946 37.4941
947 37.4972
948 37.4967
949 37.497
950 37.4962
951 37.4971
952 37.4961
953 37.4978
954 37.4965
955 37.4928
956 37.4924
957 37.4962
958 37.4958
959 37.4909
960 37.493
961 37.5002
962 37.4981
963 37.4974
964 37.4977
965 37.5012
966 37.5007
967 37.5012
968 37.501
969 37.4984
970 37.4961
971 37.5012
972 37.4998
973 37.5003
974 37.4985
975 37.4981
976 37.4972
977 37.4967
978 37.4895
979 37.4967
980 37.498
981 37.4977
982 37.5002
983 37.4989
984 37.4981
985 37.4939
986 37.4977
987 37.4965
988 37.4988
989 37.4952
990 37.4971
991 37.4936
992 37.4976
993 37.5008
994 37.4992
995 37.5005
996 37.4996
997 37.5005
998 37.501
999 37.5003
1000 37.4964
1001 37.501
1002 37.4997
1003 37.4994
1004 37.4984
1005 37.5001
1006 37.4994
1007 37.4992
1008 37.4906
1009 37.4953
1010 37.4914
1011 37.501
1012 37.4985
1013 37.4997
1014 37.4988
1015 37.4967
1016 37.4997
1017 37.4989
1018 37.4985
1019 37.4979
1020 37.4994
1021 37.499
1022 37.4993
1023 37.4997
1024 37.4989
1025 37.4892
1026 37.4992
1027 37.4942
1028 37.4978
1029 37.4999
1030 37.4955
1031 37.5009
1032 37.4922
1033 37.4996
1034 37.4992
1035 37.5009
1036 37.5029
1037 37.4986
1038 37.4995
1039 37.4979
1040 37.4958
1041 37.4943
1042 37.4946
1043 37.4946
1044 37.4941
1045 37.4935
1046 37.4505
1047 37.4899
1048 37.5006
1049 37.4996
1050 37.4961
1051 37.5008
1052 37.4894
1053 37.4998
1054 37.4968
1055 37.5007
1056 37.4992
1057 37.498
1058 37.4972
1059 37.4974
1060 37.5003
1061 37.4993
1062 37.5003
1063 37.499
1064 37.4983
1065 37.499
1066 37.473
1067 37.4966
1068 37.5016
1069 37.4942
1070 37.4999
1071 37.5
1072 37.4985
1073 37.492
1074 37.4579
1075 37.46
1076 37.502
1077 37.5
1078 37.4994
1079 37.499
1080 37.4978
1081 37.4542
1082 37.4949
1083 37.4996
1084 37.5001
1085 37.4999
1086 37.4996
1087 37.491
1088 37.4992
1089 37.4987
1090 37.4989
1091 37.4968
1092 37.4884
1093 37.4948
1094 37.4952
1095 37.4936
1096 37.494
1097 37.4786
1098 37.4958
1099 37.5007
1100 37.4951
1101 37.5006
1102 37.5007
1103 37.4992
1104 37.4989
1105 37.4989
1106 37.4941
1107 37.4998
1108 37.4979
1109 37.5003
1110 37.4885
1111 37.496
1112 37.4994
1113 37.4993
1114 37.498
1115 37.4988
1116 37.4966
1117 37.4966
1118 37.495
1119 37.4992
1120 37.4975
1121 37.4834
1122 37.4986
1123 37.4977
1124 37.4946
1125 37.4947
1126 37.4953
1127 37.4994
1128 37.4994
1129 37.4911
1130 37.4992
1131 37.4996
1132 37.4995
1133 37.4988
1134 37.4959
1135 37.4993
1136 37.4999
1137 37.4889
1138 37.4996
1139 37.5012
1140 37.4994
1141 37.5022
1142 37.4947
1143 37.4996
1144 37.4954
1145 37.5004
1146 37.5002
1147 37.4995
1148 37.5002
1149 37.5017
1150 37.4996
1151 37.4991
1152 37.4995
1153 37.5011
1154 37.4585
1155 37.4997
1156 37.4886
1157 37.4789
1158 37.4971
1159 37.4962
1160 37.4961
1161 37.4922
1162 37.4903
1163 37.4887
1164 37.489
1165 37.489
1166 37.4963
1167 37.5001
1168 37.4922
1169 37.499
1170 37.5
1171 37.5005
1172 37.5001
1173 37.4988
1174 37.5003
1175 37.4993
1176 37.5008
1177 37.4959
1178 37.496
1179 37.4931
1180 37.4921
1181 37.4918
1182 37.4867
1183 37.4936
1184 37.4906
1185 37.4966
1186 37.4931
1187 37.4532
1188 37.4926
1189 37.4986
1190 37.5005
1191 37.4989
1192 37.5001
1193 37.4988
