1 37.7873
2 37.8177
3 36.7496
4 35.651
5 34.5824
6 33.6728
7 32.7916
8 31.9082
9 31.024
10 30.1511
11 29.3033
12 28.4985
13 27.5451
14 26.7812
15 25.9464
16 25.1156
17 24.3548
18 23.5596
19 22.603
20 21.7416
21 20.9078
22 20.1664
23 19.4332
24 18.5789
25 17.655
26 16.8511
27 16.0371
28 15.271
29 14.451
30 13.6992
31 12.8919
32 12.1335
33 11.3731
34 10.551
35 9.75343
36 8.98713
37 8.2128
38 7.53651
39 6.83449
40 5.97435
41 5.2137
42 4.45594
43 3.79199
44 3.12365
45 2.34184
46 1.50921
47 0.785503
48 0.420574
49 0.472111
50 0.431877
51 0.479599
52 0.452614
53 0.457371
54 0.485497
55 0.452595
56 0.489861
57 0.440083
58 0.44706
59 0.444889
60 0.446278
61 0.463348
62 0.474186
63 0.506119
64 0.455673
65 0.490746
66 0.495514
67 0.42268
68 0.405128
69 0.435619
70 0.436737
71 0.419174
72 0.431904
73 0.48587
74 0.42762
75 0.444916
76 0.444412
77 0.457867
78 0.480633
79 0.467617
80 0.455978
81 0.456181
82 0.459057
83 0.434769
84 0.449924
85 0.470104
86 0.494865
87 0.438374
88 0.454235
89 0.445053
90 0.457325
91 0.485802
92 0.400066
93 0.43586
94 0.468071
95 0.424931
96 0.47105
97 0.488819
98 0.423157
99 0.406582
100 0.467453
101 0.401325
102 0.400585
103 0.431381
104 0.439247
105 0.459236
106 0.465462
107 0.447231
108 0.459473
109 0.447899
110 0.474575
111 0.45042
112 0.456177
113 0.410973
114 0.513355
115 0.461437
116 0.436211
117 0.424404
118 0.406635
119 0.450359
120 0.499222
121 0.414165
122 0.446659
123 0.448555
124 0.46104
125 0.454071
126 0.415386
127 0.406727
128 0.426525
129 0.435169
130 0.436401
131 0.440704
132 0.447411
133 0.434929
134 0.494976
135 0.493397
136 0.481052
137 0.487804
138 0.509537
139 0.466572
140 0.436794
141 0.456505
142 0.483639
143 0.418617
144 0.478722
145 0.420773
146 0.475094
147 0.426533
148 0.463543
149 0.446472
150 0.465519
151 0.416023
152 0.469601
153 0.490898
154 0.512032
155 0.462509
156 0.400738
157 0.402081
158 0.402119
159 0.433376
160 0.455456
161 0.457355
162 0.474201
163 0.44989
164 0.505016
165 0.47879
166 0.438358
167 0.500084
168 0.435421
169 0.418591
170 0.434834
171 0.452595
172 0.410973
173 0.447697
174 0.42688
175 0.422794
176 0.439701
177 0.45557
178 0.428654
179 0.501839
180 0.446331
181 0.463455
182 0.465527
183 0.447472
184 0.456665
185 0.450897
186 0.422771
187 0.494587
188 0.474331
189 0.49654
190 0.447033
191 0.444382
192 0.469593
193 0.447723
194 0.452324
195 0.424152
196 0.404461
197 0.452736
198 0.444462
199 0.48365
200 0.507202
201 0.493248
202 0.447083
203 0.438244
204 0.456757
205 0.44978
206 0.456501
207 0.430538
208 0.447834
209 0.430618
210 0.430759
211 0.476299
212 0.404446
213 0.405151
214 0.401733
215 0.493561
216 0.431053
217 0.454861
218 0.439083
219 0.458584
220 0.450527
221 0.43491
222 0.438961
223 0.426704
224 0.47477
225 0.447502
226 0.429283
227 0.494377
228 0.436867
229 0.457031
230 0.420685
231 0.406513
232 0.452896
233 0.460041
234 0.498646
235 0.425591
236 0.420048
237 0.473858
238 0.444561
239 0.455128
240 0.497147
241 0.452694
242 0.513161
243 0.476841
244 0.408813
245 0.463261
246 0.435722
247 0.486664
248 0.444118
249 0.464016
250 0.438404
251 0.475609
252 0.45776
253 0.456783
254 0.446434
255 0.449543
256 0.491474
257 0.424633
258 0.427254
259 0.47155
260 0.405552
261 0.44873
262 0.474781
263 0.462952
264 0.499424
265 0.409252
266 0.428982
267 0.404037
268 0.407104
269 0.466434
270 0.407349
271 0.473423
272 0.444221
273 0.44479
274 0.434605
275 0.502136
276 0.417309
277 0.446861
278 0.427876
279 0.456573
280 0.435394
281 0.459923
282 0.453194
283 0.412556
284 0.461792
285 0.458771
286 0.482517
287 0.497211
288 0.677353
289 1.40553
290 1.99866
291 2.67286
292 3.32756
293 3.71975
294 4.11999
295 4.05384
296 3.2627
297 2.90309
298 3.02578
299 3.28166
300 3.66621
301 3.99951
302 4.41076
303 4.79364
304 5.21023
305 5.56677
306 5.89612
307 5.94242
308 5.13885
309 4.33847
310 4.5495
311 4.70242
312 4.81478
313 5.11022
314 5.45238
315 5.82454
316 6.14605
317 6.4328
318 6.72885
319 6.9119
320 6.10488
321 5.29929
322 5.21018
323 5.28157
324 5.37382
325 5.0337
326 5.22346
327 5.7245
328 5.99651
329 6.25669
330 6.52032
331 6.75895
332 6.07454
333 5.27085
334 5.285
335 5.2688
336 4.76616
337 4.46297
338 4.35464
339 3.90721
340 4.16173
341 3.97314
342 4.23921
343 4.364
344 4.59123
345 4.75448
346 4.22227
347 3.42991
348 3.20687
349 3.21104
350 3.2774
351 3.35206
352 3.57111
353 3.76091
354 3.92184
355 4.1092
356 4.24434
357 4.39787
358 3.71059
359 2.91677
360 2.88345
361 2.70437
362 2.53413
363 2.54836
364 2.5986
365 2.94587
366 3.45818
367 3.53921
368 3.64201
369 3.71206
370 3.75998
371 2.96666
372 2.17669
373 1.727
374 1.56988
375 1.45657
376 1.50874
377 1.69622
378 2.05829
379 2.33405
380 2.55819
381 2.44007
382 2.32709
383 1.83596
384 1.05589
385 0.459152
386 0.447277
387 0.453827
388 0.416115
389 0.418709
390 0.415016
391 0.412262
392 0.400101
393 0.409172
394 0.399708
395 0.401451
396 0.493526
397 0.505501
398 0.432144
399 0.463188
400 0.40226
401 0.431995
402 0.44379
403 0.423069
404 0.43919
405 0.420696
406 0.448341
407 0.420612
408 0.407078
409 0.439701
410 0.484844
411 0.461113
412 0.4105
413 0.5005
414 0.473827
415 0.453663
416 0.476551
417 0.509518
418 0.637623
419 0.419598
420 0.399494
421 0.415169
422 0.401478
423 0.404724
424 0.415573
425 0.487396
426 0.724483
427 0.461178
428 0.460915
429 0.472855
430 0.489685
431 0.470543
432 0.456287
433 0.413837
434 0.435158
435 0.440144
436 0.446949
437 0.425491
438 0.44091
439 0.478149
440 0.418167
441 0.47633
442 0.428951
443 0.47366
444 0.445488
445 0.651207
446 0.94389
447 1.09893
448 1.31798
449 1.27479
450 1.35218
451 0.899612
452 0.461475
453 0.422314
454 0.488609
455 0.464203
456 0.476524
457 0.528732
458 0.402588
459 0.427364
460 0.4986
461 0.518597
462 0.457802
463 0.446926
464 0.459583
465 0.465786
466 0.402607
467 0.479122
468 0.53738
469 0.463184
470 0.464672
471 0.458241
472 0.437061
473 0.418018
474 0.440414
475 0.456501
476 0.428211
477 0.407822
478 0.51078
479 0.413658
480 0.606472
481 0.942745
482 0.7682
483 0.596512
484 0.681091
485 0.464458
486 0.452335
487 0.62611
488 0.618446
489 0.444973
490 0.427505
491 0.440571
492 0.411293
493 0.400482
494 0.436489
495 0.425304
496 0.410133
497 0.578373
498 0.439995
499 0.413383
500 0.467422
501 0.404675
502 0.468117
503 0.475761
504 0.516434
505 0.615757
506 0.561115
507 0.535202
508 0.428295
509 0.411678
510 0.45105
511 0.43
512 0.468006
513 0.486534
514 0.466091
515 0.448875
516 0.442638
517 0.468155
518 0.648571
519 0.744598
520 0.619736
521 0.549099
522 0.414364
523 0.443275
524 0.468388
525 0.438145
526 0.45023
527 0.440437
528 0.465221
529 0.510246
530 0.694271
531 0.726963
532 0.623055
533 0.723141
534 0.881275
535 1.09192
536 0.456665
537 0.562771
538 0.522247
539 0.439415
540 0.455036
541 0.510933
542 0.486351
543 0.623817
544 0.707966
545 0.55024
546 0.484932
547 0.465618
548 0.44437
549 0.524658
550 0.735794
551 0.683956
552 0.595184
553 0.482357
554 0.421688
555 0.453751
556 0.41925
557 0.4953
558 0.466133
559 0.403885
560 0.445366
561 0.466084
562 0.505745
563 0.401363
564 0.404438
565 0.421322
566 0.437111
567 0.505516
568 0.481632
569 0.528816
570 0.559742
571 0.489155
572 0.469406
573 0.502441
574 0.480453
575 0.507896
576 0.45993
577 0.456657
578 0.487354
579 0.403496
580 0.437252
581 0.424599
582 0.466175
583 0.453514
584 0.458542
585 0.482834
586 0.48534
587 0.428181
588 0.486111
589 0.453484
590 0.510235
591 0.631371
592 0.733131
593 1.06339
594 1.18033
595 1.28423
596 0.737389
597 0.472
598 0.543098
599 0.490311
600 0.488441
601 0.471802
602 0.429516
603 0.453312
604 0.496017
605 0.579704
606 0.552532
607 0.450256
608 0.475124
609 0.491096
610 0.602074
611 0.501518
612 0.425045
613 0.692226
614 0.467087
615 0.399593
616 0.4758
617 0.470123
618 0.443577
619 0.434612
620 0.510723
621 0.453999
622 0.45364
623 0.633003
624 0.806068
625 0.634083
626 0.412178
627 0.452793
628 0.541248
629 0.500088
630 0.414143
631 0.432713
632 0.45388
633 0.427559
634 0.48724
635 0.416813
636 0.473236
637 0.465847
638 0.467587
639 0.474365
640 0.649921
641 1.24557
642 1.18098
643 1.21202
644 1.14553
645 0.890678
646 0.928169
647 0.847157
648 1.02373
649 0.745213
650 0.650902
651 0.538303
652 0.489613
653 0.525055
654 0.465664
655 0.454586
656 0.478222
657 0.624626
658 0.675018
659 0.466682
660 0.428894
661 0.499283
662 0.577721
663 0.959682
664 0.912777
665 0.869984
666 0.804142
667 0.46172
668 0.668468
669 1.06433
670 1.05592
671 1.00143
672 0.88512
673 0.729527
674 0.617451
675 0.63475
676 0.570038
677 0.433823
678 0.421196
679 0.4604
680 0.479675
681 0.473927
682 0.514778
683 0.545967
684 0.472675
685 0.429466
686 0.398613
687 0.409668
688 0.401344
689 0.473228
690 0.509655
691 0.531616
692 0.449684
693 0.461178
694 0.400482
695 0.469883
696 0.865284
697 1.07487
698 1.24613
699 1.00083
700 0.874317
701 0.794552
702 0.821201
703 0.572113
704 0.439766
705 0.476261
706 0.468803
707 0.54454
708 0.585613
709 0.465599
710 0.419468
711 1.04112
712 1.00872
713 1.16732
714 1.23644
715 1.09899
716 0.870434
717 0.674606
718 0.597359
719 1.0207
720 1.08017
721 1.02482
722 0.865662
723 0.770485
724 0.593197
725 0.429852
726 0.436047
727 0.44416
728 0.484257
729 0.571983
730 0.605198
731 0.444218
732 0.595367
733 0.594292
734 0.421677
735 0.468697
736 0.503063
737 0.429852
738 0.455673
739 0.4216
740 0.510761
741 0.449467
742 0.514366
743 0.479313
744 0.493149
745 0.473568
746 0.458752
747 0.497372
748 0.491325
749 0.449699
750 0.475021
751 0.704353
752 0.900539
753 0.933929
754 0.876263
755 0.815922
756 0.58828
757 0.445782
758 0.439697
759 0.472313
760 0.455959
761 0.475864
762 0.441406
763 0.463001
764 0.451202
765 0.458706
766 0.679592
767 0.825592
768 0.614582
769 0.473778
770 0.67234
771 0.705589
772 0.620968
773 0.538494
774 0.437637
775 0.401806
776 0.512432
777 0.46212
778 0.463524
779 0.717144
780 0.522087
781 0.442307
782 0.473316
783 0.528938
784 0.473904
785 0.576527
786 0.438076
787 0.476608
788 0.444378
789 0.768017
790 0.70694
791 0.706059
792 0.721149
793 0.584019
794 0.479507
795 0.427044
796 0.436447
797 0.617531
798 0.436947
799 0.52095
800 0.434925
801 0.443005
802 0.433651
803 0.556767
804 0.448032
805 0.455372
806 0.444733
807 0.491547
808 0.475098
809 0.677753
810 0.431587
811 0.434486
812 0.453304
813 0.413727
814 0.465656
815 0.456146
816 0.466969
817 0.439705
818 0.485531
819 0.52536
820 0.505726
821 0.467857
822 0.530392
823 1.10731
824 1.04924
825 0.78014
826 0.694294
827 0.521225
828 0.433487
829 0.415462
830 0.409264
831 0.440796
832 0.47319
833 0.59005
834 0.401001
835 0.623493
836 1.08619
837 0.885517
838 0.786949
839 0.525192
840 0.517288
841 0.444595
842 0.473442
843 0.468796
844 0.414623
845 0.51054
846 0.516994
847 0.607883
848 0.874363
849 1.28418
850 1.5997
851 1.6283
852 1.35504
853 1.0047
854 0.801701
855 0.583725
856 0.439125
857 0.481205
858 0.444496
859 0.430805
860 0.451683
861 0.470425
862 0.4594
863 0.496849
864 0.978096
865 1.39517
866 1.39813
867 1.3616
868 1.07778
869 1.00367
870 0.709785
871 0.55125
872 0.473713
873 0.432373
874 0.504471
875 0.428596
876 0.462189
877 0.43914
878 0.460522
879 0.52927
880 0.716827
881 0.952389
882 1.25675
883 1.23255
884 1.1232
885 1.05623
886 0.84938
887 0.673927
888 0.453213
889 0.483139
890 0.478146
891 0.494846
892 0.446228
893 0.465042
894 0.424389
895 0.7029
896 1.17707
897 1.36858
898 1.13473
899 0.855766
900 0.799675
901 0.65802
902 0.525909
903 0.413563
904 0.402924
905 0.455292
906 0.670517
907 0.677864
908 0.650234
909 0.547771
910 0.404076
911 0.447605
912 0.440411
913 0.475155
914 0.490475
915 0.476822
916 0.503586
917 0.578167
918 0.403885
919 0.735374
920 0.496655
921 0.499294
922 0.461479
923 0.44944
924 0.459759
925 0.456577
926 0.493607
927 0.462494
928 0.401066
929 0.400021
930 0.510601
931 0.805729
932 1.22527
933 1.56979
934 1.44724
935 1.27586
936 1.09996
937 0.941616
938 0.826054
939 0.808941
940 0.598743
941 0.879063
942 0.728062
943 0.58342
944 0.493858
945 0.460155
946 0.468765
947 0.545738
948 0.595112
949 0.485897
950 0.463097
951 0.467899
952 0.482304
953 0.461971
954 0.479404
955 0.942894
956 0.740898
957 0.684601
958 0.472782
959 0.716652
960 0.597576
961 0.421185
962 0.415447
963 0.498566
964 0.886387
965 1.20175
966 1.26273
967 1.18286
968 1.17656
969 0.955025
970 0.944233
971 0.837292
972 0.61705
973 0.403038
974 0.40593
975 0.436993
976 0.434616
977 0.458557
978 0.447655
979 0.481441
980 0.457367
981 0.476803
982 0.415833
983 0.507427
984 0.463436
985 0.469402
986 0.499081
987 0.479546
988 0.700329
989 1.3603
990 1.64463
991 1.56757
992 1.32829
993 1.1821
994 1.25798
995 1.1739
996 1.05547
997 0.997486
998 0.748283
999 0.632298
1000 0.558155
1001 0.512947
1002 0.417099
1003 0.403023
1004 0.473236
1005 0.700893
1006 0.726082
1007 0.926723
1008 1.11558
1009 1.09648
1010 0.850548
1011 0.880569
1012 0.921375
1013 0.734715
1014 0.729973
1015 0.744793
1016 0.634621
1017 0.573105
1018 0.423176
1019 0.441708
1020 0.460327
1021 0.514748
1022 0.521709
1023 0.50156
1024 0.475433
1025 0.470249
1026 0.501438
1027 0.487011
1028 0.472824
1029 0.430553
1030 0.557808
1031 1.03738
1032 1.56964
1033 1.34861
1034 1.2904
1035 1.24391
1036 0.937386
1037 0.765141
1038 0.516323
1039 0.455013
1040 0.407024
1041 0.454926
1042 0.455639
1043 0.422218
1044 0.427235
1045 0.45089
1046 0.427715
1047 1.33756
1048 1.88179
1049 1.70113
1050 1.53137
1051 1.36092
1052 1.21936
1053 1.00241
1054 0.780521
1055 0.547054
1056 0.477489
1057 0.464321
1058 0.448147
1059 0.44519
1060 0.47229
1061 0.465401
1062 0.456017
1063 0.476177
1064 0.441723
1065 0.47908
1066 1.28893
1067 1.82772
1068 1.81542
1069 1.81219
1070 1.73446
1071 1.55056
1072 1.3143
1073 1.13544
1074 0.89753
1075 0.727928
1076 0.472672
1077 0.432259
1078 0.483936
1079 0.45805
1080 0.480038
1081 0.420345
1082 1.24899
1083 0.969376
1084 0.896877
1085 1.45992
1086 2.13777
1087 1.88187
1088 1.91615
1089 1.86937
1090 1.80911
1091 1.60331
1092 1.46565
1093 1.34082
1094 1.06055
1095 0.997086
1096 0.702824
1097 0.65205
1098 0.439617
1099 0.445354
1100 0.481884
1101 0.531353
1102 0.472809
1103 0.478771
1104 0.471817
1105 0.461346
1106 0.462841
1107 0.446808
1108 0.405094
1109 1.25067
1110 1.86893
1111 2.26748
1112 2.01701
1113 1.742
1114 1.52413
1115 1.27018
1116 1.33065
1117 1.33881
1118 1.15191
1119 0.886421
1120 0.700298
1121 0.433144
1122 0.409496
1123 0.482262
1124 0.491272
1125 0.456657
1126 0.464931
1127 0.539421
1128 0.477402
1129 0.482876
1130 0.467636
1131 0.44381
1132 0.473385
1133 0.468235
1134 0.45665
1135 0.469082
1136 0.461903
1137 0.939846
1138 1.41682
1139 2.03553
1140 2.09824
1141 1.93232
1142 1.90582
1143 1.71118
1144 1.62537
1145 2.12873
1146 1.98164
1147 1.84966
1148 1.73431
1149 1.63203
1150 1.60601
1151 1.43077
1152 1.38921
1153 1.43533
1154 1.44537
1155 1.17028
1156 0.939274
1157 0.691574
1158 0.569477
1159 0.434296
1160 0.440723
1161 0.481842
1162 0.452011
1163 0.492897
1164 0.451508
1165 0.941738
1166 1.6768
1167 1.77576
1168 1.78494
1169 1.5591
1170 1.5922
1171 1.52726
1172 1.61309
1173 1.38485
1174 1.09183
1175 0.863541
1176 0.610249
1177 0.402214
1178 0.406475
1179 0.484131
1180 0.479485
1181 0.43708
1182 0.446552
1183 0.461483
1184 0.398376
1185 0.800259
1186 1.46389
1187 1.98288
1188 1.9699
1189 1.98088
1190 2.03492
1191 1.925
1192 1.67031
1193 1.50296
