2.0	261.155
4.0	247.876
6.0	225.109
8.0	229.875
10.0	217.831
12.0	246.499
14.0	231.785
16.0	215.127
18.0	257.39
20.0	227.492
22.0	225.787
24.0	259.233
26.0	229.4
28.0	233.791
30.0	235.269
32.0	240.37
34.0	237.748
36.0	229.041
38.0	236.003
40.0	240.969
42.0	218.036
44.0	253.915
46.0	235.687
48.0	222.526
50.0	216.468
52.0	217.224
54.0	233.949
56.0	222.821
58.0	207.331
60.0	230.562
62.0	222.095
64.0	199.546
66.0	233.017
68.0	226.614
70.0	219.589
72.0	218.264
74.0	209.753
76.0	227.3
78.0	221.75
80.0	204.262
82.0	225.932
84.0	228.084
86.0	197.301
88.0	239.854
90.0	221.089
92.0	214.215
94.0	219.567
96.0	203.465
98.0	237.227
100.0	217.813
102.0	195.129
104.0	237.577
106.0	223.834
108.0	219.011
110.0	213.898
112.0	206.637
114.0	232.926
116.0	210.784
118.0	204.065
120.0	242.795
122.0	192.982
124.0	218.081
126.0	242.11
128.0	215.063
130.0	197.793
132.0	241.733
134.0	218.075
136.0	216.462
138.0	215.55
140.0	207.522
142.0	226.04
144.0	210.295
146.0	195.451
148.0	247.172
150.0	215.047
152.0	209.529
154.0	200.641
156.0	236.415
158.0	202.822
160.0	215.679
162.0	231.457
164.0	217.936
166.0	217.369
168.0	210.375
170.0	218.035
172.0	226.964
174.0	208.156
176.0	213.119
178.0	237.686
180.0	215.294
182.0	216.03
184.0	209.663
186.0	228.556
188.0	210.703
190.0	199.379
192.0	228.133
194.0	221.516
196.0	215.06
198.0	215.67
200.0	203.399
202.0	229.269
204.0	215.619
206.0	194.255
208.0	241.149
210.0	214.695
212.0	212.037
214.0	214.017
216.0	202.2
218.0	229.646
220.0	207.838
222.0	202.168
224.0	240.926
226.0	215.345
228.0	215.28
230.0	209.2
232.0	215.522
234.0	218.411
236.0	202.579
238.0	216.589
240.0	232.054
242.0	215.179
244.0	217.38
246.0	212.303
248.0	221.392
250.0	214.968
252.0	205.059
254.0	208.996
256.0	236.504
258.0	201.243
260.0	220.378
262.0	230.495
264.0	214.588
266.0	216.153
268.0	208.348
270.0	213.52
272.0	220.439
274.0	197.863
276.0	226.847
278.0	224.698
280.0	197.29
282.0	229.35
284.0	217.22
286.0	220.357
288.0	186.134
290.0	94.428
292.0	69.563
294.0	69.526
296.0	193.03
298.0	169.165
300.0	94.457
302.0	70.738
304.0	72.48
306.0	70.427
308.0	176.598
310.0	198.03
312.0	120.064
314.0	75.214
316.0	72.128
318.0	72.279
320.0	150.528
322.0	220.415
324.0	118.407
326.0	96.253
328.0	69.214
330.0	71.372
332.0	124.71
334.0	220.036
336.0	118.357
338.0	119.155
340.0	94.53
342.0	72.482
344.0	71.09
346.0	100.423
348.0	249.045
350.0	115.184
352.0	93.425
354.0	73.334
356.0	69.2
358.0	110.103
360.0	230.883
362.0	110.104
364.0	90.276
366.0	70.091
368.0	68.977
370.0	73.28
372.0	206.224
374.0	184.224
376.0	103.411
378.0	72.236
380.0	70.902
382.0	68.51
384.0	151.364
386.0	217.534
388.0	116.723
390.0	91.333
392.0	112.295
394.0	128.762
396.0	71.751
398.0	69.742
400.0	182.548
402.0	109.881
404.0	115.251
406.0	112.937
408.0	81.272
410.0	68.706
412.0	70.781
414.0	168.692
416.0	175.907
418.0	112.984
420.0	69.043
422.0	72.073
424.0	70.978
426.0	162.075
428.0	163.255
430.0	123.756
432.0	93.674
434.0	72.584
436.0	68.567
438.0	69.713
440.0	110.877
442.0	241.953
444.0	105.391
446.0	84.013
448.0	60.952
450.0	61.871
452.0	115.397
454.0	221.521
456.0	113.378
458.0	108.529
460.0	84.871
462.0	66.649
464.0	66.139
466.0	64.591
468.0	146.542
470.0	212.679
472.0	108.765
474.0	88.062
476.0	67.887
478.0	64.781
480.0	66.397
482.0	228.96
484.0	130.71
486.0	106.581
488.0	106.084
490.0	66.321
492.0	125.532
494.0	96.796
496.0	65.805
498.0	68.516
500.0	70.377
502.0	63.808
504.0	64.754
506.0	128.255
508.0	236.124
510.0	140.303
512.0	105.509
514.0	103.108
516.0	83.806
518.0	65.154
520.0	62.282
522.0	112.667
524.0	199.287
526.0	104.52
528.0	104.841
530.0	102.022
532.0	64.648
534.0	61.422
536.0	63.251
538.0	171.641
540.0	172.575
542.0	69.666
544.0	63.548
546.0	57.648
548.0	61.489
550.0	70.279
552.0	237.994
554.0	146.466
556.0	61.383
558.0	63.369
560.0	59.409
562.0	221.862
564.0	98.666
566.0	96.209
568.0	108.731
570.0	101.023
572.0	103.083
574.0	80.881
576.0	59.214
578.0	61.084
580.0	61.878
582.0	158.114
584.0	176.894
586.0	101.931
588.0	100.55
590.0	79.587
592.0	57.517
594.0	58.128
596.0	58.213
598.0	98.561
600.0	232.628
602.0	98.932
604.0	60.822
606.0	56.458
608.0	57.561
610.0	57.759
612.0	221.472
614.0	97.718
616.0	117.606
618.0	57.255
620.0	57.343
622.0	54.786
624.0	58.155
626.0	235.262
628.0	81.256
630.0	60.781
632.0	122.27
634.0	52.972
636.0	54.918
638.0	56.023
640.0	55.356
642.0	98.366
644.0	234.297
646.0	127.254
648.0	99.756
650.0	87.801
652.0	67.546
654.0	54.816
656.0	57.891
658.0	54.435
660.0	159.416
662.0	54.442
664.0	55.477
666.0	54.19
668.0	54.011
670.0	155.664
672.0	234.853
674.0	83.855
676.0	93.887
678.0	96.923
680.0	54.104
682.0	53.636
684.0	50.575
686.0	51.542
688.0	106.257
690.0	53.537
692.0	51.417
694.0	52.798
696.0	51.963
698.0	125.154
700.0	235.344
702.0	146.314
704.0	89.81
706.0	74.699
708.0	53.654
710.0	52.053
712.0	51.349
714.0	180.137
716.0	131.203
718.0	88.314
720.0	61.701
722.0	120.687
724.0	81.578
726.0	68.007
728.0	48.145
730.0	52.646
732.0	47.546
734.0	92.143
736.0	225.857
738.0	51.998
740.0	121.227
742.0	75.391
744.0	49.92
746.0	49.347
748.0	48.772
750.0	48.259
752.0	60.542
754.0	158.749
756.0	202.573
758.0	91.783
760.0	54.493
762.0	51.805
764.0	49.071
766.0	46.873
768.0	69.358
770.0	235.617
772.0	60.196
774.0	126.029
776.0	70.658
778.0	47.154
780.0	52.108
782.0	131.14
784.0	118.905
786.0	86.456
788.0	82.103
790.0	71.254
792.0	97.041
794.0	94.541
796.0	70.341
798.0	48.239
800.0	110.7
802.0	92.8
804.0	113.928
806.0	76.738
808.0	66.988
810.0	49.913
812.0	96.0
814.0	103.816
816.0	48.511
818.0	51.462
820.0	46.356
822.0	48.706
824.0	49.721
826.0	145.428
828.0	146.591
830.0	52.052
832.0	51.449
834.0	49.691
836.0	49.551
838.0	110.281
840.0	212.529
842.0	53.05
844.0	49.652
846.0	48.86
848.0	51.907
850.0	48.041
852.0	193.515
854.0	181.998
856.0	67.86
858.0	46.913
860.0	45.86
862.0	47.386
864.0	49.916
866.0	47.442
868.0	167.501
870.0	188.752
872.0	71.467
874.0	48.793
876.0	48.82
878.0	49.301
880.0	47.834
882.0	46.444
884.0	116.956
886.0	234.334
888.0	73.7
890.0	69.828
892.0	47.491
894.0	48.971
896.0	47.791
898.0	46.244
900.0	170.353
902.0	139.456
904.0	99.426
906.0	71.106
908.0	90.378
910.0	75.631
912.0	85.18
914.0	68.157
916.0	48.18
918.0	42.748
920.0	44.775
922.0	53.622
924.0	152.93
926.0	48.57
928.0	51.217
930.0	45.462
932.0	49.013
934.0	48.527
936.0	230.185
938.0	158.942
940.0	89.246
942.0	48.532
944.0	48.26
946.0	94.532
948.0	46.271
950.0	44.686
952.0	46.144
954.0	45.842
956.0	48.963
958.0	47.622
960.0	190.424
962.0	47.618
964.0	102.289
966.0	44.832
968.0	80.793
970.0	234.444
972.0	91.014
974.0	84.457
976.0	73.69
978.0	47.639
980.0	45.838
982.0	42.74
984.0	46.799
986.0	45.232
988.0	43.847
990.0	48.71
992.0	98.478
994.0	233.077
996.0	137.034
998.0	68.888
1000.0	86.999
1002.0	89.293
1004.0	66.151
1006.0	76.403
1008.0	45.736
1010.0	98.524
1012.0	100.809
1014.0	80.379
1016.0	81.146
1018.0	64.007
1020.0	87.2
1022.0	82.656
1024.0	40.276
1026.0	38.83
1028.0	40.314
1030.0	39.658
1032.0	41.674
1034.0	38.412
1036.0	181.08
1038.0	180.582
1040.0	85.166
1042.0	42.447
1044.0	42.424
1046.0	39.29
1048.0	43.712
1050.0	43.372
1052.0	120.743
1054.0	199.518
1056.0	82.657
1058.0	67.797
1060.0	44.914
1062.0	44.873
1064.0	44.411
1066.0	43.411
1068.0	45.627
1070.0	44.013
1072.0	223.604
1074.0	133.884
1076.0	74.687
1078.0	43.075
1080.0	44.238
1082.0	46.039
1084.0	43.991
1086.0	45.018
1088.0	145.56
1090.0	53.307
1092.0	196.354
1094.0	70.156
1096.0	84.386
1098.0	42.374
1100.0	46.682
1102.0	42.907
1104.0	45.286
1106.0	41.713
1108.0	44.858
1110.0	44.054
1112.0	43.537
1114.0	94.856
1116.0	231.915
1118.0	130.552
1120.0	42.973
1122.0	84.719
1124.0	90.252
1126.0	45.227
1128.0	39.8
1130.0	53.36
1132.0	39.874
1134.0	44.278
1136.0	41.272
1138.0	46.326
1140.0	40.102
1142.0	67.96
1144.0	233.697
1146.0	170.684
1148.0	45.557
1150.0	43.744
1152.0	134.111
1154.0	81.804
1156.0	83.001
1158.0	66.966
1160.0	80.155
1162.0	42.577
1164.0	45.185
1166.0	42.481
1168.0	45.214
1170.0	40.131
1172.0	185.355
1174.0	130.59
1176.0	45.376
1178.0	103.601
1180.0	43.7
1182.0	42.108
1184.0	41.991
1186.0	46.039
1188.0	40.337
1190.0	45.097
1192.0	161.826
1194.0	158.218
1196.0	87.415
1198.0	43.36
1200.0	41.273
