 3555
 3585
 3612
 3666
 3761
 3773
 3784
 3838
 3846
 3860
 3864
 3874
 3877
 3878
 3887
 3897
 3922
 3929
 3933
 3937
 3943
 3955
 3957
 3958
 3960
 3970
 3971
 3974
 3976
 3977
 3984
 3985
 3991
 3993
 3995
 3995
 3996
 4000
 4005
 4006
 4017
 4018
 4021
 4037
 4039
 4039
 4048
 4064
 4065
 4077
 4082
 4084
 4085
 4087
 4088
 4089
 4092
 4103
 4111
 4112
 4122
 4124
 4133
 4136
 4138
 4149
 4152
 4155
 4168
 4177
 4189
 4193
 4207
 4213
 4215
 4217
 4219
 4226
 4236
 4241
 4244
 4249
 4263
 4265
 4265
 4276
 4282
 4291
 4292
 4305
 4308
 4311
 4311
 4313
 4314
 4316
 4316
 4317
 4319
 4321
 4325
 4327
 4329
 4332
 4345
 4345
 4348
 4350
 4352
 4352
 4353
 4363
 4363
 4363
 4364
 4365
 4368
 4369
 4371
 4375
 4375
 4376
 4376
 4377
 4385
 4387
 4395
 4398
 4400
 4411
 4420
 4427
 4432
 4436
 4441
 4472
 4474
 4479
 4481
 4495
 4497
 4500
 4506
 4511
 4527
 4530
 4539
 4546
 4549
 4556
 4565
 4603
 4624
 4627
 4641
 4643
 4643
 4658
 4663
 4672
 4675
 4693
 4711
 4736
 4739
 4744
 4745
 4779
 4783
 4796
 4797
 4829
 4837
 4845
 4851
 4876
 4876
 4908
 4967
 4979
 5038
 5039
 5098
 5154
 5204
 5227
 5228
 5261
 5277
 5316
 5431
 5456
 5519
 5540
 5540
 5544
 5600
 5600
 5679
 5722
 5829
 5849
 5897
 5975
 5996
 6054
 6093
 6160
 6283
 6330
 6333
 6370
 6527
 6548
 6559
 6637
 6715
 6885
 6945
 7181
 7194
 7225
 7349
 7417
 7477
 7483
 7505
 7537
 7556
 7560
 7637
 7677
 7711
 7725
 7798
 7862
 7891
 7902
 7946
 7968
 8065
 8098
 8106
 8149
 8220
 8238
 8275
 8302
 8361
 8430
 8478
 8505
 8515
 8567
 8575
 8585
 8610
 8691
 8740
 8749
 8754
 8853
 8919
 8922
 8929
 8961
 9187
 9189
 9203
 9217
 9241
 9289
 9293
 9349
 9385
 9469
 9482
 9487
 9575
 9646
 9647
 9674
 9689
 9701
 9717
 9738
 9760
 9769
 9780
 9848
 9858
 9900
 9952
 10027
 10076
 10120
 10149
 10155
 10164
 10251
 10262
 10295
 10304
 10313
 10385
 10392
 10395
 10544
 10573
 10625
 10630
 10694
 10695
 10696
 10772
 10805
 10813
 10862
 10888
 10898
 10916
 10916
 11007
 11080
 11272
 11450
 11468
 11484
 11558
 11561
 11574
 11705
 11739
 11757
 11793
 11818
 11870
 11878
 11901
 11919
 11959
 12029
 12044
 12081
 12089
 12120
 12128
 12152
 12264
 12630
 12743
 12803
 13023
 13191
 13287
 13344
 13369
 13415
 13472
 13504
 13508
 13510
 13516
 13527
 13548
 13548
 13591
 13599
 13624
 13633
 13680
 13710
 13711
 13724
 13725
 13748
 13794
 13900
 13922
 13956
 13962
 14012
 14039
 14040
 14052
 14054
 14068
 14076
 14086
 14120
 14133
 14139
 14160
 14200
 14200
 14236
 14240
 14258
 14293
 14314
 14320
 14419
 14459
 14463
 14650
 14715
 14734
 14750
 14872
 14899
 14913
 14918
 15003
 15036
 15054
 15073
 15124
 15145
 15166
 15250
 15268
 15424
 15454
 15569
 15637
 15648
 15666
 15733
 15802
 15851
 16054
 16098
 16141
 16213
 16330
 16360
 16417
 16551
 16632
 16661
 16748
 16750
 16931
 16950
 16981
 17008
 17217
 17221
 17247
 17317
 17372
 17400
 17555
 17622
 17657
 17778
 17816
 17831
 17989
 18164
 18214
 18269
 18271
 18295
 18319
 18354
 18572
 18744
 18778
 18781
 18786
 18793
 18795
 18804
 18832
 18835
 18853
 18869
 18874
 18913
 18931
 19130
 19142
 19164
 19167
 19184
 19331
 19638
 19689
 19755
 19841
 19845
 19860
 19909
 19988
 20026
 20045
 20119
 20141
 20168
 20206
 20206
 20217
 20230
 20320
 20343
 20347
 20372
 20415
 20420
 20431
 20457
 20498
 20510
 20511
 20520
 20550
 20566
 20580
 20620
 20651
 20798
 20800
 20817
 20827
 20929
 20934
 20945
 20948
 21231
 21237
 21310
 21340
 21374
 21471
 21473
 21485
 21536
 21543
 21630
 21636
 21665
 21674
 21693
 21722
 21756
 21761
 21868
 21890
 21952
 21971
 22012
 22042
 22072
 22112
 22124
 22145
 22163
 22191
 22328
 22331
 22386
 22411
 22458
 22507
 22507
 22531
 22536
 22549
 22618
 22641
 22663
 22670
 22736
 22763
 22863
 22873
 22888
 23008
 23068
 23235
 23349
 23433
 23487
 23548
 23567
 23602
 23716
 23818
 24137
 24335
 24407
 24437
 24445
 24478
 24748
 24847
 24875
 25246
 25374
