4.66761 100
5.7279 100
6.89355 100
8.35862 100
11.9544 100
13.4172 100
18.9008 100
20.1056 100
25.0388 100
26.7627 100
28.11 100
29.4348 100
30.7179 100
32.8379 100
34.1142 100
35.3552 100
39.9462 100
41.2878 100
46.2389 100
47.9835 100
49.462 100
50.6705 100
54.0483 100
55.4897 100
56.8941 100
61.6571 100
63.0925 100
68.4422 100
70.2538 100
71.7051 100
73.1057 100
76.69 100
78.0524 100
79.38 100
84.093 100
90.2058 100
92.5305 100
93.9835 100
95.3696 100
98.8553 100
100.226 100
106.17 100
107.618 100
109.005 100
110.387 100
114.15 100
115.483 100
121.191 100
127.086 100
128.677 100
134.005 100
135.601 100
137.15 100
138.652 100
142.024 100
143.452 100
144.569 100
149.392 100
150.822 100
152.265 100
156.866 100
163.084 100
165.392 100
166.879 100
168.301 100
171.765 100
173.124 100
179.123 100
180.512 100
181.919 100
183.306 100
187.125 100
188.459 100
194.58 100
195.975 100
197.371 100
198.729 100
202.641 100
203.938 100
210.074 100
211.468 100
212.875 100
214.238 100
218.189 100
219.469 100
225.594 100
226.978 100
228.345 100
229.703 100
233.676 100
234.985 100
241.091 100
242.46 100
243.81 100
245.162 100
246.489 100
249.227 100
250.494 100
251.796 100
256.894 100
263.014 100
265.301 100
266.709 100
268.081 100
271.866 100
273.177 100
278.7 100
279.836 100
285.977 100
287.428 100
288.537 100
289.613 126
290.635 127
291.658 126
292.693 126
293.721 126
294.744 128
297.757 126
298.951 126
300.128 127
301.133 127
302.18 126
303.201 127
304.216 126
305.242 126
306.286 128
307.319 126
310.384 129
311.428 126
312.506 128
313.515 126
314.517 127
315.56 128
316.577 127
317.613 127
318.684 127
319.728 126
322.595 129
323.664 127
324.751 127
325.788 127
326.849 128
327.871 127
328.927 128
329.984 128
330.998 127
332.015 128
334.604 127
335.609 128
336.63 127
337.65 128
338.687 128
339.735 128
340.796 128
341.836 128
342.846 127
343.864 128
344.914 128
345.94 128
348.919 128
349.928 128
350.947 128
351.972 128
352.983 127
354.042 129
355.053 127
356.072 128
357.13 128
358.139 128
360.718 127
361.759 129
362.782 128
363.802 129
364.836 128
365.876 128
366.886 129
367.915 129
368.938 128
370.003 129
371.036 128
374.151 130
375.19 129
376.214 129
377.223 129
378.24 129
379.275 129
380.329 129
381.4 129
382.45 129
383.504 130
386.602 127
387.641 129
388.679 130
389.704 129
390.723 129
391.766 129
393.5 129
394.538 130
395.592 130
396.608 129
397.642 128
398.659 130
401.258 130
402.278 128
403.316 130
404.349 129
405.386 129
406.413 129
407.433 130
408.466 130
409.482 130
410.499 128
411.528 130
412.557 131
413.573 128
415.999 135
417.005 130
418.05 129
419.084 131
420.108 130
421.147 130
422.195 130
423.233 130
424.238 130
425.258 131
428.115 129
429.131 131
430.146 130
431.158 130
432.179 130
433.23 130
434.262 131
435.306 131
436.351 130
437.418 131
438.443 131
439.48 130
443.128 132
444.145 131
445.15 131
446.18 130
447.19 131
448.225 132
449.257 131
450.273 131
451.315 131
452.333 131
454.736 130
455.747 130
456.846 130
457.882 132
458.897 130
459.922 132
460.94 132
462.013 131
463.023 132
464.059 131
465.103 133
466.115 131
467.159 132
470.689 133
471.716 131
472.777 132
473.793 132
474.808 132
475.843 132
476.85 132
477.853 132
478.926 132
479.942 132
480.991 132
483.318 123
484.325 132
485.37 132
486.392 132
487.421 131
488.454 133
489.462 132
490.514 132
491.549 132
493.092 131
494.118 132
495.134 133
496.149 132
497.188 133
498.208 133
499.213 132
500.242 133
501.244 133
502.276 132
503.321 134
504.376 132
505.414 134
509.609 133
510.639 133
511.645 134
512.663 132
513.698 134
514.745 133
515.814 133
516.827 134
517.864 132
518.898 135
519.946 133
520.997 134
522.015 133
524.559 134
525.583 134
526.626 134
527.673 134
528.721 132
529.757 134
530.801 133
531.811 134
532.843 134
533.889 135
534.954 135
536.018 134
537.064 134
540.02 135
541.049 135
542.076 133
543.099 135
544.175 134
545.18 134
546.22 135
547.235 135
548.26 135
549.275 134
550.318 136
553.719 134
554.74 136
555.746 133
556.792 136
557.821 136
558.843 135
559.88 135
560.953 136
563.053 133
564.087 135
565.152 136
566.202 135
567.213 134
568.247 136
569.255 135
570.317 136
571.354 136
572.402 135
573.457 136
574.507 135
575.515 135
576.584 136
577.646 135
578.688 136
579.752 136
580.769 135
581.779 137
584.196 133
585.237 136
586.264 136
587.301 137
588.308 136
589.347 135
590.372 137
591.423 136
592.44 136
593.459 136
594.472 137
595.479 138
596.501 137
597.503 136
600.896 137
601.901 137
602.945 138
603.946 137
604.976 137
606.03 137
607.112 138
608.162 138
609.219 138
610.257 137
613.427 137
614.473 137
615.524 138
616.548 138
617.55 137
618.6 136
619.661 139
620.71 138
621.79 138
622.819 138
623.87 137
624.883 139
627.317 135
628.368 139
629.384 137
630.428 137
631.786 140
632.801 138
633.833 138
634.906 140
635.96 139
636.971 138
638.036 138
639.071 140
640.096 138
641.128 140
642.206 139
645.546 139
646.566 138
647.68 140
648.775 139
649.857 139
651.068 139
652.115 139
653.119 140
654.151 138
655.191 140
656.196 140
657.267 141
658.273 138
659.337 141
660.976 139
662.023 141
663.052 139
664.111 140
665.177 140
666.222 140
667.286 140
668.353 140
669.409 140
673.12 143
674.227 141
675.384 140
676.516 140
677.704 142
678.799 140
679.843 141
680.894 141
681.938 141
683.022 139
684.089 142
685.112 141
686.165 141
687.245 140
688.464 141
689.505 140
690.535 142
691.546 140
692.59 143
693.608 141
694.67 141
695.678 141
696.773 141
697.798 141
702.053 139
703.063 143
704.122 141
705.248 139
706.292 142
707.35 141
708.386 142
709.471 140
710.548 143
711.6 141
712.645 141
715.605 140
716.777 143
717.909 141
719.095 141
720.125 143
721.194 142
722.827 141
723.937 143
725.177 142
726.208 142
727.231 141
728.241 142
729.32 142
730.397 142
731.421 141
732.466 142
733.516 143
736.84 141
737.847 142
738.885 141
739.952 143
741.021 141
742.068 142
743.099 143
744.106 141
745.169 143
746.248 141
747.314 143
748.355 142
749.382 141
750.436 143
751.496 141
752.553 144
753.565 142
756.677 140
757.84 143
759.064 142
760.138 143
761.153 142
762.226 142
763.238 143
764.241 141
765.316 144
766.344 142
767.344 143
768.392 143
771.073 142
772.09 142
773.163 143
774.217 142
775.279 144
776.292 142
777.367 143
778.378 144
779.391 141
780.403 144
781.435 144
783.511 141
784.789 143
785.928 143
787.11 144
788.246 143
789.431 143
790.517 141
791.545 144
793.276 144
794.372 144
795.529 143
796.568 143
797.603 143
798.683 144
799.718 143
801.489 145
802.566 142
803.689 143
804.889 145
806.04 143
807.205 143
808.293 143
809.354 144
810.38 143
811.387 143
812.435 145
813.574 145
814.609 142
815.647 145
816.659 143
817.711 144
818.723 143
819.8 144
820.817 144
821.875 144
822.945 144
824.002 144
825.014 144
828.097 143
829.169 145
830.203 143
831.241 145
832.287 143
833.335 144
834.375 144
835.397 145
836.487 143
837.535 146
840.733 143
841.77 143
842.845 145
843.942 143
845 144
846.019 144
847.07 145
848.095 143
849.123 145
850.136 144
851.143 144
854.472 144
855.698 145
856.725 143
857.787 145
858.799 146
859.818 143
860.831 145
861.837 145
862.866 144
863.9 144
864.986 144
866.049 146
867.088 143
870.555 143
871.813 146
872.83 144
873.859 146
874.944 145
875.964 144
877.007 144
878.059 145
879.107 145
880.125 144
881.151 145
882.216 145
883.293 146
887.046 144
888.181 145
889.381 145
890.459 145
891.469 145
892.541 146
893.541 144
894.567 146
895.649 145
896.701 145
897.738 144
898.774 146
902.007 144
903.045 146
904.065 144
905.075 147
906.185 145
907.427 145
908.624 145
909.904 144
911.175 146
912.33 145
913.576 146
914.631 146
915.67 144
916.71 145
917.773 146
918.8 147
919.874 144
920.961 146
922.028 146
924.117 145
925.183 146
926.259 145
927.297 146
928.32 146
929.371 145
930.386 147
931.39 146
932.455 146
933.528 147
934.566 144
938.208 147
939.473 146
940.695 145
941.736 147
942.744 144
943.819 148
944.891 146
946.506 146
947.531 145
948.546 147
949.644 146
950.718 146
951.719 147
952.785 146
953.873 146
954.907 147
955.955 145
957.015 146
958.038 145
959.126 147
960.832 146
961.851 146
962.864 146
964.403 147
965.41 145
966.486 147
967.548 145
968.581 149
971.292 130
972.594 148
973.849 147
975.104 147
976.391 147
977.436 146
978.462 145
979.499 148
980.553 147
981.558 146
982.599 146
983.655 148
984.701 146
985.745 148
986.805 146
987.823 146
988.878 148
989.895 147
990.975 146
992.049 147
995.756 150
997.005 147
998.224 146
999.354 146
1000.66 148
1001.85 146
1002.95 146
1003.95 148
1004.96 147
1006.03 146
1007.04 146
1008.06 148
1009.13 146
1010.2 148
1011.41 147
1012.66 147
1013.9 147
1015.13 147
1016.25 147
1017.26 147
1018.29 146
1019.39 146
1020.53 147
1021.64 147
1022.84 146
1023.9 148
1024.95 146
1025.99 148
1027.02 149
1028.06 147
1029.1 147
1030.14 147
1031.23 146
1032.31 148
1033.34 147
1034.4 147
1035.42 148
1038.49 146
1039.66 147
1040.85 148
1041.91 147
1042.98 147
1043.98 147
1044.98 148
1046.05 148
1047.05 146
1048.08 148
1049.08 148
1050.12 148
1051.14 146
1054.68 147
1055.86 147
1057.08 148
1058.3 148
1059.3 149
1060.38 146
1061.42 150
1062.49 146
1063.57 148
1064.58 148
1065.59 147
1066.61 149
1067.61 148
1068.65 147
1069.72 148
1070.72 149
1073.81 144
1075.06 148
1076.26 148
1077.29 147
1078.3 148
1079.31 149
1080.36 147
1081.44 150
1082.47 146
1083.53 149
1084.54 148
1085.61 148
1086.62 148
1088.5 147
1089.5 150
1090.57 147
1092.66 149
1093.68 149
1094.7 146
1095.73 149
1096.76 146
1097.86 148
1098.86 149
1099.9 147
1100.9 148
1101.99 147
1102.99 150
1104 146
1105.08 149
1106.1 148
1107.18 147
1108.25 148
1109.34 148
1110.4 149
1111.44 149
1112.47 148
1113.54 147
1117.88 148
1118.9 148
1119.97 149
1121.01 148
1122.02 149
1123.44 149
1124.48 149
1125.54 147
1126.6 150
1127.6 147
1128.69 150
1129.77 148
1130.78 150
1131.87 147
1132.92 149
1133.98 148
1134.99 148
1136.06 150
1137.14 150
1138.21 148
1139.26 147
1140.32 150
1141.35 149
1142.42 149
1146.35 148
1147.38 149
1148.47 147
1149.5 150
1150.54 149
1151.92 149
1153.21 149
1154.39 148
1155.41 150
1156.46 148
1157.47 151
1158.5 147
1159.57 148
1160.63 150
1161.64 147
1162.71 150
1163.8 148
1164.81 150
1165.9 148
1166.99 151
1168.01 149
1169.09 148
1170.15 148
1171.17 149
1173.66 147
1174.88 149
1175.96 149
1177 148
1178.06 149
1179.13 150
1180.19 150
1181.24 149
1182.29 149
1183.32 149
1184.4 148
1185.42 151
1186.47 148
1187.52 148
1188.59 150
1189.62 149
1190.63 150
1191.66 151
1194.27 147
1195.59 149
1196.62 149
1197.67 149
1198.74 151
1199.77 150
1200.79 150
