# timestamp	GC Total Latency (msec)		Read Latency (msec)	Write Latency (msec)\n
297.833 6 0 0
299.253 6 0 0
300.254 1 0 0
301.258 0 0 0
302.341 0 0 0
303.503 0 0 0
304.506 1 0 0
305.51 1 0 0
306.572 0 0 0
307.574 581 258 325
308.623 1204 533 677
311.159 1502 663 847
312.162 1897 835 1072
313.166 2202 968 1246
314.17 2562 1127 1451
315.174 2790 1226 1581
316.178 3017 1324 1711
317.182 3226 1416 1830
318.187 3385 1483 1923
319.354 3469 1520 1971
320.358 3614 1582 2054
321.364 3726 1630 2120
322.367 3840 1679 2185
323.382 3963 1733 2255
324.382 4051 1769 2308
325.387 4202 1835 2394
326.391 4284 1868 2444
327.394 4388 1914 2503
328.398 4481 1954 2556
329.403 4547 1981 2595
330.407 4597 2002 2624
332.811 4625 2015 2640
333.816 4676 2037 2670
334.82 4715 2053 2692
335.824 4742 2064 2708
336.827 4794 2088 2738
337.831 4829 2102 2757
338.835 4873 2121 2783
339.843 4917 2140 2808
341.062 4924 2143 2813
342.064 4959 2158 2833
343.098 4977 2166 2844
344.099 5004 2177 2859
345.104 5039 2192 2879
346.107 5071 2206 2898
347.111 5091 2214 2910
348.117 5126 2228 2931
349.119 5140 2234 2940
350.123 5163 2243 2953
351.128 5194 2256 2972
352.132 5206 2259 2980
353.135 5236 2272 2998
354.14 5245 2276 3003
356.388 5262 2283 3013
357.392 5280 2290 3024
358.397 5298 2297 3035
359.399 5325 2309 3051
360.403 5333 2311 3056
361.408 5357 2322 3070
362.412 5368 2326 3077
363.417 5385 2333 3087
364.769 5401 2339 3097
365.772 5417 2346 3106
366.776 5431 2351 3115
367.799 5441 2355 3122
368.8 5456 2361 3131
369.804 5470 2366 3139
370.809 5490 2374 3151
371.812 5503 2379 3160
372.816 5517 2385 3168
373.82 5529 2390 3176
374.825 5541 2394 3183
375.828 5552 2398 3190
376.832 5570 2406 3201
377.836 5578 2409 3206
378.841 5596 2416 3217
379.845 5602 2417 3221
380.848 5615 2423 3229
381.854 5632 2429 3239
382.856 5632 2429 3240
383.861 5641 2432 3246
384.864 5652 2436 3253
385.869 5662 2440 3259
386.873 5671 2443 3265
387.877 5682 2448 3272
388.881 5698 2454 3282
389.885 5702 2455 3285
390.889 5717 2461 3294
391.893 5718 2461 3295
392.902 5730 2466 3302
393.905 5739 2469 3308
394.909 5745 2471 3312
395.913 5754 2474 3318
396.917 5766 2478 3325
397.922 5780 2484 3334
398.926 5778 2483 3334
399.929 5791 2488 3342
400.933 5797 2489 3346
401.938 5810 2494 3353
402.941 5818 2497 3358
403.945 5826 2501 3364
404.949 5838 2505 3371
405.954 5842 2506 3374
407.03 5854 2511 3382
408.034 5858 2512 3385
409.192 5861 2513 3387
410.189 5868 2515 3391
411.194 5875 2518 3395
412.198 5887 2523 3403
413.203 5889 2523 3405
414.206 5901 2527 3412
415.21 5906 2529 3416
416.215 5913 2531 3421
417.218 5924 2535 3428
418.283 5930 2538 3431
419.286 5935 2539 3435
420.333 5946 2543 3442
421.335 5950 2544 3445
422.365 5961 2548 3452
423.366 5966 2550 3455
424.412 5976 2554 3462
425.415 5980 2555 3465
426.782 5987 2557 3470
427.786 5993 2559 3473
428.791 5999 2561 3477
429.795 6010 2565 3484
430.798 6012 2566 3486
431.803 6023 2570 3493
432.807 6025 2570 3495
433.812 6033 2573 3500
434.815 6043 2576 3507
435.822 6049 2578 3510
436.823 6051 2579 3512
437.827 6058 2581 3517
438.831 6064 2583 3522
439.835 6074 2586 3528
440.839 6076 2586 3530
441.843 6086 2590 3536
442.847 6091 2591 3540
443.851 6100 2595 3546
445.031 6105 2596 3549
446.031 6112 2599 3554
447.036 6118 2600 3558
448.039 6123 2602 3562
449.043 6132 2605 3568
450.047 6132 2604 3569
451.051 6141 2607 3574
452.051 6146 2609 3578
453.052 6155 2612 3584
454.051 6160 2614 3588
455.052 6167 2616 3592
456.051 6177 2619 3599
457.052 6179 2619 3601
458.051 6188 2622 3607
459.051 6192 2623 3610
460.052 6201 2626 3616
461.053 6207 2628 3620
462.051 6215 2631 3626
463.051 6218 2631 3628
464.052 6226 2634 3634
465.051 6235 2637 3640
466.052 6238 2637 3642
467.052 6247 2641 3648
468.051 6246 2640 3648
469.052 6254 2642 3653
470.051 6260 2645 3658
471.051 6267 2646 3662
472.072 6273 2648 3666
473.071 6277 2649 3669
474.071 6283 2651 3674
475.072 6292 2654 3680
476.071 6294 2654 3682
477.072 6303 2657 3688
478.071 6305 2657 3689
479.071 6312 2660 3695
480.071 6317 2661 3698
481.071 6323 2663 3702
482.071 6329 2665 3707
483.071 6337 2668 3712
484.071 6343 2669 3716
485.071 6345 2669 3718
486.071 6351 2671 3722
487.071 6356 2673 3726
488.071 6363 2675 3731
489.071 6368 2676 3735
490.072 6376 2679 3740
491.071 6379 2679 3742
492.072 6385 2681 3746
493.071 6390 2683 3750
494.072 6396 2684 3754
495.071 6404 2687 3760
496.071 6406 2687 3762
497.072 6415 2690 3768
498.071 6418 2691 3771
499.072 6426 2693 3776
500.071 6432 2694 3780
501.071 6437 2696 3784
502.08 6443 2698 3789
503.084 6449 2700 3793
504.088 6455 2701 3798
505.092 6462 2703 3802
506.095 6468 2705 3807
507.099 6474 2706 3811
508.103 6482 2709 3817
509.107 6484 2709 3819
510.111 6492 2711 3825
511.116 6497 2713 3828
512.119 6503 2714 3833
513.124 6509 2716 3837
514.127 6515 2718 3842
515.167 6521 2719 3846
516.175 6528 2721 3851
517.179 6533 2722 3855
518.183 6541 2725 3860
519.187 6543 2725 3862
520.191 6551 2727 3868
521.195 6553 2728 3870
522.2 6560 2730 3875
523.203 6568 2732 3880
524.219 6574 2734 3885
525.223 6580 2735 3889
526.228 6587 2737 3894
527.232 6593 2739 3899
528.235 6599 2740 3904
529.239 6606 2742 3909
530.243 6612 2744 3913
531.247 6618 2745 3918
532.252 6626 2747 3923
533.255 6631 2748 3927
534.26 6637 2750 3932
535.263 6643 2751 3937
536.267 6650 2753 3942
537.272 6656 2755 3947
538.394 6662 2757 3951
539.396 6666 2757 3954
540.4 6672 2759 3958
541.403 6679 2761 3963
542.408 6684 2762 3968
543.412 6691 2764 3973
544.416 6697 2765 3977
545.419 6703 2767 3982
546.435 6712 2769 3989
547.435 6719 2771 3994
548.44 6726 2773 3999
549.443 6734 2775 4005
550.447 6744 2778 4013
551.451 6749 2778 4017
552.497 6753 2779 4020
553.499 6761 2781 4026
554.503 6768 2783 4031
555.507 6779 2787 4039
556.511 6783 2787 4042
557.516 6791 2789 4048
558.52 6794 2790 4051
559.523 6802 2792 4056
560.527 6805 2793 4059
561.532 6810 2794 4063
562.537 6817 2796 4068
563.54 6824 2798 4073
564.543 6829 2799 4077
565.547 6831 2799 4079
566.812 6838 2801 4083
567.817 6842 2802 4087
568.82 6846 2803 4090
569.823 6851 2804 4094
570.908 6858 2806 4099
571.912 6864 2808 4103
572.915 6869 2809 4107
573.919 6875 2811 4112
574.924 6881 2812 4116
575.928 6887 2814 4121
576.931 6893 2816 4125
577.952 6899 2817 4130
578.956 6905 2819 4134
579.959 6910 2820 4138
580.964 6916 2821 4142
581.968 6922 2823 4146
582.971 6927 2824 4151
583.976 6933 2826 4155
584.98 6939 2827 4159
585.983 6944 2828 4163
586.989 6950 2830 4167
587.992 6956 2832 4172
589.038 6961 2833 4176
590.04 6967 2835 4180
591.044 6972 2836 4184
592.048 6977 2837 4188
593.052 6982 2838 4192
594.055 6988 2840 4196
595.26 6994 2842 4201
596.264 6999 2843 4205
597.268 7004 2844 4208
598.272 7010 2846 4212
599.277 7013 2846 4215
600.28 7018 2848 4219
601.285 7024 2849 4223
602.32 7029 2851 4226
603.371 7034 2852 4231
604.41 7040 2854 4235
605.414 7046 2855 4239
606.416 7050 2856 4243
607.42 7055 2857 4246
608.425 7060 2859 4250
609.428 7065 2860 4254
610.432 7070 2861 4258
611.437 7076 2863 4262
612.44 7081 2864 4266
613.444 7087 2866 4270
614.448 7091 2867 4273
615.453 7095 2868 4276
616.456 7100 2869 4280
617.461 7104 2870 4283
618.464 7108 2872 4286
619.482 7114 2873 4290
620.485 7118 2874 4294
621.488 7122 2875 4297
622.493 7127 2876 4300
623.497 7132 2878 4304
624.501 7137 2879 4308
625.505 7141 2880 4311
626.508 7146 2881 4314
627.515 7151 2882 4318
628.519 7155 2883 4321
629.52 7161 2885 4325
630.524 7166 2886 4329
631.541 7171 2887 4333
632.554 7176 2889 4337
633.558 7180 2890 4340
634.561 7185 2891 4343
635.565 7188 2892 4346
636.568 7191 2893 4348
637.616 7196 2894 4352
638.623 7201 2895 4355
639.625 7205 2896 4359
640.628 7209 2897 4362
641.634 7214 2899 4365
642.638 7218 2900 4369
643.641 7223 2901 4372
644.645 7227 2902 4375
645.649 7231 2903 4378
646.654 7236 2904 4382
647.657 7240 2905 4385
648.661 7245 2906 4389
649.665 7249 2907 4392
650.67 7254 2909 4395
651.673 7258 2910 4398
652.677 7262 2911 4402
653.681 7266 2912 4405
654.685 7271 2913 4408
655.689 7274 2914 4411
656.694 7278 2915 4414
657.731 7282 2916 4417
658.776 7287 2917 4420
659.778 7290 2918 4423
660.781 7294 2919 4425
661.785 7297 2920 4428
662.789 7301 2921 4431
663.793 7305 2922 4434
664.797 7309 2923 4437
665.802 7314 2924 4440
666.805 7318 2925 4444
667.809 7322 2926 4447
668.827 7327 2928 4450
669.839 7331 2928 4453
670.843 7334 2929 4456
671.846 7338 2930 4459
672.849 7343 2931 4462
673.854 7346 2932 4465
674.858 7350 2933 4468
675.861 7355 2934 4472
677.001 7359 2935 4475
678.002 7363 2936 4478
679.002 7367 2937 4481
680.005 7371 2938 4483
681.011 7375 2939 4487
682.015 7379 2940 4490
683.017 7382 2941 4492
684.022 7386 2942 4495
685.028 7390 2943 4498
686.039 7394 2944 4501
687.042 7398 2945 4504
688.046 7401 2946 4507
689.051 7405 2947 4509
690.055 7408 2948 4512
691.058 7413 2949 4515
692.063 7416 2950 4518
693.067 7420 2951 4521
694.07 7424 2952 4524
695.075 7427 2953 4527
696.084 7432 2954 4530
697.092 7436 2955 4533
698.094 7439 2956 4535
699.098 7442 2956 4537
700.102 7446 2957 4540
701.106 7449 2958 4543
702.111 7452 2959 4545
703.114 7456 2960 4548
704.166 7460 2961 4551
705.283 7463 2962 4554
706.291 7467 2963 4556
707.294 7470 2964 4559
708.299 7473 2964 4561
709.303 7477 2965 4564
710.306 7480 2966 4566
711.311 7484 2967 4569
712.315 7488 2968 4572
713.318 7491 2969 4575
714.322 7494 2969 4577
715.344 7498 2971 4580
716.347 7502 2972 4583
717.351 7506 2972 4586
718.355 7509 2973 4589
719.359 7511 2974 4590
720.363 7514 2974 4593
721.481 7518 2975 4595
722.485 7522 2976 4598
723.487 7525 2977 4601
724.491 7529 2978 4603
725.496 7533 2979 4606
726.499 7536 2980 4609
727.504 7539 2981 4612
728.508 7542 2981 4614
729.512 7546 2982 4616
730.516 7549 2983 4619
731.52 7553 2984 4622
732.523 7557 2985 4625
733.527 7560 2986 4627
734.532 7563 2986 4630
735.536 7567 2987 4633
736.54 7570 2988 4635
737.543 7573 2989 4637
738.547 7576 2990 4640
739.598 7580 2991 4643
740.669 7583 2991 4645
741.671 7587 2992 4648
742.676 7590 2993 4650
743.679 7591 2993 4651
744.684 7595 2994 4654
745.687 7598 2995 4657
746.693 7602 2996 4659
747.702 7606 2997 4662
748.716 7609 2998 4665
749.759 7612 2998 4667
750.779 7616 2999 4670
751.783 7619 3000 4672
752.789 7622 3001 4675
753.792 7625 3001 4677
754.796 7629 3002 4680
755.8 7632 3003 4682
756.804 7635 3004 4685
757.808 7639 3005 4688
758.813 7642 3006 4690
759.816 7644 3006 4691
760.82 7646 3007 4693
761.831 7650 3008 4696
762.964 7653 3009 4699
764.099 7656 3009 4701
765.274 7660 3010 4704
766.282 7664 3011 4706
767.292 7667 3012 4709
768.292 7669 3012 4711
769.297 7673 3013 4713
770.301 7676 3014 4716
771.304 7679 3015 4718
772.309 7682 3015 4721
773.313 7686 3016 4723
774.316 7689 3017 4726
775.322 7692 3018 4728
776.325 7695 3018 4731
777.328 7698 3019 4733
778.333 7701 3020 4736
779.336 7704 3021 4738
780.341 7709 3022 4742
781.361 7714 3023 4745
782.365 7718 3024 4748
783.368 7723 3025 4752
784.373 7728 3026 4756
785.377 7733 3028 4759
786.381 7736 3029 4762
787.385 7741 3030 4766
788.389 7745 3031 4768
789.393 7750 3032 4772
790.397 7754 3033 4775
791.583 7758 3034 4779
792.585 7762 3035 4782
793.589 7766 3036 4785
794.593 7769 3037 4787
795.597 7773 3038 4790
796.601 7777 3039 4793
797.606 7781 3040 4797
798.61 7786 3041 4800
799.613 7790 3042 4803
800.617 7794 3043 4806
801.621 7798 3044 4809
802.625 7802 3045 4812
803.97 7807 3046 4816
804.974 7810 3047 4818
805.978 7812 3047 4820
806.982 7815 3048 4822
807.987 7818 3049 4825
808.99 7821 3049 4827
809.994 7823 3050 4829
810.998 7826 3051 4831
812.001 7829 3051 4833
813.007 7832 3052 4835
814.01 7835 3053 4838
815.011 7837 3053 4840
816.014 7840 3054 4842
817.017 7843 3054 4844
818.022 7846 3055 4846
819.026 7849 3056 4848
820.031 7850 3056 4850
821.203 7853 3057 4852
822.206 7856 3058 4854
823.211 7858 3058 4856
824.214 7861 3059 4858
825.218 7864 3059 4860
826.223 7867 3060 4862
827.226 7869 3061 4864
828.265 7873 3062 4867
829.271 7876 3062 4869
830.275 7878 3063 4871
831.279 7881 3064 4873
832.282 7884 3064 4875
833.286 7887 3065 4877
834.29 7889 3066 4880
835.294 7891 3066 4881
836.299 7894 3067 4883
837.311 7897 3067 4885
838.315 7899 3068 4887
839.319 7902 3069 4889
840.322 7904 3069 4891
841.327 7907 3070 4893
842.331 7910 3070 4895
843.334 7913 3071 4897
844.339 7915 3072 4900
845.343 7918 3072 4901
846.348 7920 3073 4903
847.351 7923 3074 4906
848.38 7926 3075 4908
849.384 7929 3075 4910
850.387 7932 3076 4912
851.391 7934 3076 4914
852.396 7937 3077 4916
853.399 7939 3077 4918
854.403 7942 3078 4920
855.413 7945 3079 4922
856.415 7948 3080 4924
857.42 7949 3080 4926
858.424 7952 3081 4928
859.428 7954 3081 4929
860.431 7957 3082 4931
861.577 7959 3082 4933
862.582 7962 3083 4935
863.584 7964 3084 4937
864.588 7967 3084 4939
865.591 7970 3085 4941
866.596 7973 3086 4943
867.6 7975 3086 4945
868.604 7977 3087 4947
869.607 7980 3087 4949
870.612 7983 3088 4951
871.615 7986 3089 4954
872.619 7988 3089 4956
873.667 7991 3090 4958
874.668 7994 3091 4960
875.672 7997 3091 4962
876.676 7999 3092 4964
877.681 8001 3092 4966
878.684 8003 3093 4967
879.691 8006 3094 4969
880.843 8008 3094 4971
881.844 8011 3095 4973
882.849 8013 3095 4975
883.853 8015 3096 4976
884.856 8018 3096 4978
885.86 8020 3097 4980
886.864 8023 3098 4982
887.868 8025 3098 4984
888.873 8028 3099 4986
889.877 8030 3099 4988
890.88 8033 3100 4990
891.885 8035 3101 4992
892.889 8038 3101 4994
893.892 8041 3102 4996
894.898 8043 3102 4998
895.901 8045 3103 5000
896.905 8048 3103 5001
897.909 8050 3104 5003
898.913 8053 3105 5005
899.916 8055 3105 5007
900.951 8058 3106 5009
901.955 8060 3107 5011
902.957 8063 3107 5013
903.962 8065 3108 5015
904.965 8067 3108 5017
905.97 8070 3109 5018
906.973 8072 3109 5020
907.977 8074 3110 5022
908.981 8077 3110 5024
909.985 8079 3111 5026
910.989 8081 3112 5027
911.993 8084 3112 5029
912.997 8087 3113 5031
914.002 8089 3113 5033
915.005 8092 3114 5035
916.009 8094 3114 5037
917.014 8096 3115 5039
918.017 8099 3116 5041
919.021 8101 3116 5042
920.025 8103 3117 5044
921.117 8105 3117 5046
922.121 8108 3118 5048
923.125 8110 3118 5049
924.13 8112 3119 5051
925.133 8114 3119 5053
926.138 8117 3120 5055
927.142 8119 3120 5057
928.146 8121 3121 5058
929.155 8124 3122 5060
930.157 8126 3122 5062
931.161 8129 3123 5064
932.166 8131 3123 5066
933.17 8133 3124 5067
934.174 8135 3124 5069
935.178 8138 3125 5071
936.178 8140 3125 5072
937.181 8142 3126 5074
938.186 8145 3127 5076
939.191 8147 3127 5078
940.194 8149 3127 5079
941.198 8151 3128 5081
942.203 8154 3129 5083
943.206 8156 3129 5085
944.21 8158 3130 5086
945.214 8160 3130 5088
946.218 8162 3130 5090
947.222 8164 3131 5091
948.275 8166 3132 5093
949.294 8169 3132 5095
950.295 8171 3133 5096
951.299 8173 3133 5098
952.302 8175 3133 5100
953.308 8177 3134 5101
954.311 8179 3134 5103
955.315 8181 3135 5104
956.32 8183 3135 5106
957.324 8186 3136 5108
958.33 8188 3137 5110
959.33 8190 3137 5111
960.335 8192 3137 5113
961.339 8194 3138 5114
962.342 8196 3138 5116
963.347 8198 3139 5118
964.35 8200 3139 5119
965.354 8202 3140 5121
966.4 8205 3140 5123
967.402 8207 3141 5124
968.407 8208 3141 5125
969.412 8210 3142 5127
970.415 8212 3142 5129
971.419 8214 3143 5130
972.423 8216 3143 5132
973.426 8218 3144 5133
974.431 8221 3144 5135
975.443 8223 3145 5137
976.447 8225 3145 5138
977.451 8227 3146 5140
978.455 8229 3146 5142
979.459 8231 3147 5143
980.463 8233 3147 5145
981.468 8235 3148 5147
982.471 8238 3148 5148
983.54 8240 3149 5150
984.543 8242 3149 5152
985.547 8243 3149 5153
986.551 8245 3150 5154
987.555 8247 3150 5156
988.559 8249 3151 5157
989.563 8251 3151 5159
990.567 8253 3152 5160
991.671 8255 3152 5162
992.675 8257 3153 5163
993.68 8259 3153 5165
994.683 8260 3153 5166
995.688 8262 3154 5167
996.691 8264 3154 5169
997.696 8266 3155 5171
998.699 8268 3155 5172
999.703 8270 3156 5174
1000.71 8273 3156 5176
1001.71 8275 3157 5177
1002.72 8277 3157 5179
1003.72 8279 3158 5180
1004.72 8281 3158 5182
1005.73 8283 3159 5183
1006.73 8285 3159 5185
1007.74 8287 3160 5187
1008.74 8289 3160 5188
1009.74 8291 3160 5189
1010.75 8293 3161 5191
1011.95 8295 3162 5193
1012.96 8297 3162 5194
1013.96 8299 3162 5196
1014.96 8301 3163 5197
1015.97 8302 3163 5199
1016.97 8304 3164 5200
1017.98 8306 3164 5201
1018.98 8308 3164 5203
1019.98 8310 3165 5205
1020.99 8312 3165 5206
1021.99 8314 3166 5208
1023 8316 3166 5209
1024 8318 3167 5211
1025 8320 3167 5212
1026.01 8322 3168 5214
1027.01 8324 3168 5215
1028.01 8325 3168 5216
1029.02 8327 3169 5218
1030.02 8329 3169 5219
1031.07 8331 3170 5221
1032.07 8333 3170 5222
1033.07 8334 3171 5223
1034.08 8336 3171 5225
1035.08 8338 3171 5226
1036.08 8340 3172 5227
1037.09 8341 3172 5229
1038.09 8343 3173 5230
1039.1 8345 3173 5232
1040.1 8347 3174 5233
1041.1 8349 3174 5235
1042.11 8351 3174 5236
1043.11 8352 3175 5237
1044.12 8354 3175 5239
1045.12 8356 3176 5240
1046.12 8357 3176 5241
1047.13 8359 3176 5243
1048.13 8361 3177 5244
1049.19 8363 3177 5246
1050.19 8365 3178 5247
1051.2 8366 3178 5248
1052.2 8368 3178 5249
1053.2 8369 3179 5251
1054.21 8371 3179 5252
1055.25 8372 3179 5253
1056.31 8374 3180 5254
1057.32 8376 3180 5256
1058.32 8378 3181 5257
1059.32 8379 3181 5258
1060.33 8381 3181 5259
1061.33 8382 3182 5261
1062.34 8384 3182 5262
1063.34 8386 3182 5263
1064.34 8387 3183 5265
1065.35 8389 3183 5266
1066.35 8391 3184 5267
1067.36 8393 3184 5269
1068.36 8394 3184 5270
1069.36 8396 3185 5271
1070.37 8397 3185 5272
1071.37 8399 3185 5274
1072.54 8401 3186 5275
1073.54 8402 3186 5276
1074.54 8404 3187 5277
1075.55 8406 3187 5279
1076.55 8407 3188 5280
1077.56 8408 3188 5281
1078.56 8410 3188 5282
1079.57 8412 3188 5283
1080.57 8413 3189 5285
1081.59 8415 3189 5286
1082.59 8417 3190 5288
1083.59 8419 3190 5289
1084.6 8420 3190 5290
1085.6 8422 3191 5291
1086.6 8423 3191 5293
1087.61 8426 3192 5294
1088.64 8427 3192 5296
1089.64 8429 3193 5297
1090.64 8431 3193 5298
1091.65 8432 3193 5299
1092.65 8433 3194 5300
1093.66 8435 3194 5302
1094.66 8437 3194 5303
1095.66 8439 3195 5304
1096.67 8440 3195 5306
1097.67 8442 3196 5307
1098.69 8444 3196 5309
1099.69 8446 3196 5310
1100.69 8447 3197 5311
1101.7 8449 3197 5312
1102.7 8450 3198 5313
1103.7 8452 3198 5315
1104.71 8453 3198 5316
1105.71 8455 3199 5317
1106.72 8457 3199 5319
1107.72 8459 3200 5320
1108.72 8460 3200 5321
1109.73 8462 3200 5322
1110.73 8464 3201 5324
1111.74 8465 3201 5325
1112.74 8467 3201 5326
1113.75 8468 3202 5327
1114.75 8470 3202 5329
1115.79 8472 3203 5330
1116.89 8474 3203 5331
1117.89 8475 3203 5333
1118.9 8476 3204 5334
1119.9 8478 3204 5335
1120.91 8479 3204 5336
1121.91 8481 3205 5337
1122.91 8482 3205 5338
1123.92 8484 3206 5340
1124.95 8486 3206 5341
1125.98 8487 3206 5342
1126.99 8489 3207 5343
1127.99 8491 3207 5345
1129 8492 3207 5346
1130 8494 3208 5347
1131 8496 3208 5349
1132.03 8497 3209 5350
1133.04 8499 3209 5351
1134.04 8500 3209 5352
1135.05 8502 3210 5353
1136.05 8503 3210 5355
1137.05 8505 3210 5356
1138.06 8506 3211 5357
1139.06 8508 3211 5358
1140.08 8510 3211 5359
1141.08 8511 3212 5360
1142.09 8512 3212 5361
1143.09 8514 3213 5363
1144.09 8515 3213 5364
1145.1 8517 3213 5365
1146.1 8518 3213 5366
1147.11 8520 3214 5367
1148.11 8521 3214 5368
1149.12 8523 3215 5370
1150.12 8525 3215 5371
1151.13 8526 3215 5372
1152.13 8527 3216 5373
1153.14 8529 3216 5374
1154.15 8531 3216 5376
1155.15 8532 3217 5377
1156.22 8534 3217 5378
1157.22 8535 3218 5379
1158.23 8537 3218 5380
1159.23 8538 3218 5381
1160.23 8540 3219 5383
1161.24 8541 3219 5384
1162.24 8543 3219 5385
1163.25 8544 3219 5386
1164.25 8546 3220 5387
1165.25 8547 3220 5388
1166.31 8549 3221 5390
1167.31 8550 3221 5391
1168.31 8552 3221 5392
1169.32 8553 3222 5393
1170.32 8554 3222 5394
1171.32 8556 3222 5395
1172.33 8557 3223 5396
1173.33 8559 3223 5398
1174.33 8560 3223 5399
1175.34 8562 3224 5400
1176.34 8564 3224 5401
1177.35 8565 3224 5402
1178.35 8566 3225 5403
1179.35 8567 3225 5404
1180.36 8569 3225 5405
1181.36 8570 3226 5407
1182.5 8572 3226 5408
1183.51 8573 3226 5409
1184.51 8575 3227 5410
1185.51 8576 3227 5411
1186.52 8577 3227 5412
1187.52 8579 3227 5413
1188.53 8580 3228 5414
1189.53 8581 3228 5415
1190.53 8583 3228 5416
1191.54 8584 3229 5417
1192.56 8586 3229 5418
1193.6 8587 3229 5419
1194.61 8588 3230 5421
1195.61 8590 3230 5422
1196.61 8591 3230 5423
1197.62 8593 3231 5424
1198.62 8594 3231 5425
1199.63 8596 3231 5426
1200.63 8597 3232 5427
