2.0	201.275
4.0	230.415
6.0	213.966
8.0	226.179
10.0	214.719
12.0	240.011
14.0	227.954
16.0	219.933
18.0	250.746
20.0	219.602
22.0	245.295
24.0	240.991
26.0	234.844
28.0	233.901
30.0	232.357
32.0	243.533
34.0	235.602
36.0	221.05
38.0	256.717
40.0	231.196
42.0	227.163
44.0	243.622
46.0	210.901
48.0	234.792
50.0	230.828
52.0	226.955
54.0	227.454
56.0	211.873
58.0	243.164
60.0	227.239
62.0	219.373
64.0	228.601
66.0	228.859
68.0	209.413
70.0	199.666
72.0	220.345
74.0	257.65
76.0	221.067
78.0	224.912
80.0	218.969
82.0	233.568
84.0	224.79
86.0	216.912
88.0	220.65
90.0	207.214
92.0	247.569
94.0	217.175
96.0	208.894
98.0	201.852
100.0	252.003
102.0	205.48
104.0	249.691
106.0	223.276
108.0	222.194
110.0	202.663
112.0	236.327
114.0	225.188
116.0	221.476
118.0	202.013
120.0	242.51
122.0	224.346
124.0	218.226
126.0	215.819
128.0	235.519
130.0	217.28
132.0	215.502
134.0	241.709
136.0	207.705
138.0	209.818
140.0	250.744
142.0	220.193
144.0	217.55
146.0	220.874
148.0	202.247
150.0	225.012
152.0	228.647
154.0	231.964
156.0	220.377
158.0	202.441
160.0	232.756
162.0	219.029
164.0	209.446
166.0	245.844
168.0	221.422
170.0	224.598
172.0	223.986
174.0	211.722
176.0	203.243
178.0	253.05
180.0	213.566
182.0	229.524
184.0	215.294
186.0	207.589
188.0	239.145
190.0	210.946
192.0	232.844
194.0	222.895
196.0	222.874
198.0	223.55
200.0	211.841
202.0	234.144
204.0	201.775
206.0	220.277
208.0	206.451
210.0	251.257
212.0	223.39
214.0	217.844
216.0	219.903
218.0	202.287
220.0	207.6
222.0	252.627
224.0	212.429
226.0	229.371
228.0	214.969
230.0	204.423
232.0	243.074
234.0	208.304
236.0	226.611
238.0	229.88
240.0	225.455
242.0	219.681
244.0	203.554
246.0	234.742
248.0	221.431
250.0	203.987
252.0	240.13
254.0	226.798
256.0	223.94
258.0	225.114
260.0	216.325
262.0	228.392
264.0	221.144
266.0	206.3
268.0	209.579
270.0	250.77
272.0	216.817
274.0	203.994
276.0	240.964
278.0	210.522
280.0	204.529
282.0	247.314
284.0	210.524
286.0	201.1
288.0	244.3
290.0	211.725
292.0	231.564
294.0	219.65
296.0	200.454
298.0	230.15
300.0	219.924
302.0	203.649
304.0	224.239
306.0	207.485
308.0	187.592
310.0	237.766
312.0	195.031
314.0	189.903
316.0	188.546
318.0	192.323
320.0	207.351
322.0	205.099
324.0	204.086
326.0	197.541
328.0	196.778
330.0	202.06
332.0	253.693
334.0	193.516
336.0	185.719
338.0	185.783
340.0	199.451
342.0	196.34
344.0	190.067
346.0	141.621
348.0	120.57
350.0	184.133
352.0	183.109
354.0	191.043
356.0	237.054
358.0	186.919
360.0	187.105
362.0	188.318
364.0	205.825
366.0	194.546
368.0	191.729
370.0	188.265
372.0	186.407
374.0	199.843
376.0	187.569
378.0	186.546
380.0	187.4
382.0	204.226
384.0	189.405
386.0	189.805
388.0	185.788
390.0	184.863
392.0	210.691
394.0	188.835
396.0	190.121
398.0	186.41
400.0	186.215
402.0	184.348
404.0	182.652
406.0	186.333
408.0	203.089
410.0	196.512
412.0	184.753
414.0	184.67
416.0	183.967
418.0	197.94
420.0	185.702
422.0	184.972
424.0	186.827
426.0	205.554
428.0	188.64
430.0	183.706
432.0	185.239
434.0	184.304
436.0	201.412
438.0	184.331
440.0	185.263
442.0	186.814
444.0	189.534
446.0	196.07
448.0	185.564
450.0	197.284
452.0	185.456
454.0	185.131
456.0	185.882
458.0	186.99
460.0	188.062
462.0	186.212
464.0	184.765
466.0	183.1
468.0	196.812
470.0	186.186
472.0	197.809
474.0	185.408
476.0	184.993
478.0	198.761
480.0	182.741
482.0	182.183
484.0	182.789
486.0	184.222
488.0	193.904
490.0	186.021
492.0	187.413
494.0	185.752
496.0	185.028
498.0	187.601
500.0	192.63
502.0	185.209
504.0	187.762
506.0	185.101
508.0	182.022
510.0	187.126
512.0	183.078
514.0	183.622
516.0	193.426
518.0	179.022
520.0	183.744
522.0	186.663
524.0	184.372
526.0	183.523
528.0	184.112
530.0	184.018
532.0	183.534
534.0	181.931
536.0	183.031
538.0	192.697
540.0	181.488
542.0	185.324
544.0	181.685
546.0	200.908
548.0	189.241
550.0	188.718
552.0	209.343
554.0	201.016
556.0	191.403
558.0	178.497
560.0	183.203
562.0	186.119
564.0	172.328
566.0	209.878
568.0	193.212
570.0	186.601
572.0	186.062
574.0	179.218
576.0	174.528
578.0	183.439
580.0	175.283
582.0	181.232
584.0	181.312
586.0	178.72
588.0	179.159
590.0	181.152
592.0	181.258
594.0	183.196
596.0	189.252
598.0	189.611
600.0	184.0
602.0	185.833
604.0	170.824
606.0	171.46
608.0	173.11
610.0	173.142
612.0	181.262
614.0	172.697
616.0	170.753
618.0	171.253
620.0	167.902
622.0	161.894
624.0	159.223
626.0	158.897
628.0	157.969
630.0	175.27
632.0	179.748
634.0	173.426
636.0	169.058
638.0	158.171
640.0	157.397
642.0	157.17
644.0	159.772
646.0	164.873
648.0	172.954
650.0	177.496
652.0	171.053
654.0	179.053
656.0	156.659
658.0	142.393
660.0	193.661
662.0	157.802
664.0	145.722
666.0	147.746
668.0	168.861
670.0	173.245
672.0	172.485
674.0	172.95
676.0	162.861
678.0	162.368
680.0	161.682
682.0	169.508
684.0	154.767
686.0	166.105
688.0	164.833
690.0	161.129
692.0	173.631
694.0	165.705
696.0	167.902
698.0	165.511
700.0	152.301
702.0	153.358
704.0	153.252
706.0	160.314
708.0	158.005
710.0	178.021
712.0	160.772
714.0	179.548
716.0	169.729
718.0	167.326
720.0	145.109
722.0	145.114
724.0	161.932
726.0	169.602
728.0	164.808
730.0	162.606
732.0	165.734
734.0	171.51
736.0	168.182
738.0	163.627
740.0	146.305
742.0	152.125
744.0	145.474
746.0	159.274
748.0	160.552
750.0	161.125
752.0	169.97
754.0	172.694
756.0	164.536
758.0	159.942
760.0	147.652
762.0	149.891
764.0	145.916
766.0	150.809
768.0	161.037
770.0	166.09
772.0	165.839
774.0	160.551
776.0	171.262
778.0	167.129
780.0	187.872
782.0	197.079
784.0	194.09
786.0	200.834
788.0	198.347
790.0	197.127
792.0	199.618
794.0	206.495
796.0	201.741
798.0	194.56
800.0	197.235
802.0	202.699
804.0	208.152
806.0	176.19
808.0	179.349
810.0	178.894
812.0	178.104
814.0	177.145
816.0	181.065
818.0	187.567
820.0	189.176
822.0	186.074
824.0	182.49
826.0	180.081
828.0	180.199
830.0	177.068
832.0	180.08
834.0	178.536
836.0	138.203
838.0	139.772
840.0	136.069
842.0	139.706
844.0	155.897
846.0	158.733
848.0	155.617
850.0	167.66
852.0	159.4
854.0	149.677
856.0	151.496
858.0	149.316
860.0	140.807
862.0	137.753
864.0	153.537
866.0	163.655
868.0	161.125
870.0	157.723
872.0	168.407
874.0	158.663
876.0	165.425
878.0	138.625
880.0	139.233
882.0	144.594
884.0	151.814
886.0	151.255
888.0	163.963
890.0	160.405
892.0	155.164
894.0	163.244
896.0	160.17
898.0	158.451
900.0	148.016
902.0	158.135
904.0	158.393
906.0	163.702
908.0	152.02
910.0	157.321
912.0	166.539
914.0	156.638
916.0	163.929
918.0	161.661
920.0	147.697
922.0	141.703
924.0	158.231
926.0	157.628
928.0	146.206
930.0	159.41
932.0	155.133
934.0	161.806
936.0	169.058
938.0	157.083
940.0	152.956
942.0	144.582
944.0	152.096
946.0	147.046
948.0	141.721
950.0	153.643
952.0	156.991
954.0	155.231
956.0	155.311
958.0	162.946
960.0	159.31
962.0	155.322
964.0	144.19
966.0	154.324
968.0	137.672
970.0	147.959
972.0	149.357
974.0	150.554
976.0	156.775
978.0	152.957
980.0	162.189
982.0	168.522
984.0	145.417
986.0	148.468
988.0	134.741
990.0	66.111
992.0	186.219
994.0	189.131
996.0	179.439
998.0	177.76
1000.0	142.415
1002.0	148.06
1004.0	157.512
1006.0	157.146
1008.0	161.882
1010.0	155.766
1012.0	143.077
1014.0	143.806
1016.0	151.169
1018.0	161.283
1020.0	161.951
1022.0	165.253
1024.0	159.828
1026.0	161.699
1028.0	144.947
1030.0	154.92
1032.0	153.016
1034.0	143.107
1036.0	152.726
1038.0	153.595
1040.0	161.651
1042.0	165.315
1044.0	160.029
1046.0	158.233
1048.0	154.149
1050.0	154.109
1052.0	147.541
1054.0	151.229
1056.0	146.375
1058.0	142.727
1060.0	139.916
1062.0	162.258
1064.0	154.478
1066.0	161.179
1068.0	163.289
1070.0	144.267
1072.0	146.749
1074.0	143.22
1076.0	158.281
1078.0	142.479
1080.0	148.08
1082.0	150.753
1084.0	156.342
1086.0	154.358
1088.0	162.698
1090.0	157.19
1092.0	150.609
1094.0	150.654
1096.0	162.689
1098.0	148.691
1100.0	154.982
1102.0	148.309
1104.0	155.991
1106.0	152.166
1108.0	156.596
1110.0	162.57
1112.0	151.051
1114.0	152.937
1116.0	160.432
1118.0	142.704
1120.0	143.092
1122.0	151.982
1124.0	145.048
1126.0	157.073
1128.0	162.191
1130.0	158.516
1132.0	159.642
1134.0	159.285
1136.0	146.936
1138.0	142.778
1140.0	143.705
1142.0	151.234
1144.0	143.572
1146.0	143.701
1148.0	154.741
1150.0	153.858
1152.0	160.097
1154.0	167.987
1156.0	148.646
1158.0	152.099
1160.0	155.738
1162.0	142.848
1164.0	158.107
1166.0	146.888
1168.0	157.843
1170.0	154.31
1172.0	156.277
1174.0	159.94
1176.0	159.675
1178.0	154.626
1180.0	147.215
1182.0	151.973
1184.0	142.421
1186.0	149.069
1188.0	152.566
1190.0	150.504
1192.0	157.446
1194.0	157.033
1196.0	155.33
1198.0	161.921
