 3611
 3624
 3680
 3689
 3698
 3709
 3717
 3717
 3718
 3735
 3766
 3769
 3772
 3796
 3806
 3819
 3834
 3835
 3842
 3842
 3851
 3867
 3879
 3879
 3891
 3896
 3909
 3935
 3947
 3960
 3969
 3974
 3985
 3987
 3988
 4001
 4002
 4011
 4023
 4024
 4032
 4038
 4047
 4051
 4060
 4067
 4073
 4078
 4084
 4085
 4096
 4100
 4103
 4105
 4115
 4124
 4129
 4130
 4134
 4136
 4141
 4149
 4163
 4169
 4170
 4173
 4173
 4175
 4179
 4186
 4187
 4193
 4193
 4199
 4207
 4208
 4215
 4215
 4229
 4241
 4244
 4244
 4246
 4250
 4253
 4254
 4261
 4266
 4267
 4268
 4270
 4275
 4277
 4277
 4279
 4281
 4282
 4286
 4294
 4296
 4309
 4320
 4325
 4330
 4334
 4339
 4340
 4352
 4362
 4369
 4373
 4378
 4387
 4400
 4409
 4426
 4447
 4447
 4449
 4451
 4467
 4468
 4474
 4476
 4491
 4493
 4496
 4501
 4503
 4505
 4510
 4513
 4528
 4532
 4540
 4546
 4546
 4547
 4551
 4556
 4568
 4572
 4574
 4586
 4588
 4593
 4604
 4615
 4620
 4624
 4627
 4629
 4629
 4638
 4639
 4642
 4647
 4652
 4661
 4667
 4668
 4671
 4673
 4677
 4682
 4682
 4683
 4693
 4693
 4699
 4701
 4704
 4708
 4715
 4733
 4734
 4736
 4743
 4758
 4768
 4771
 4780
 4784
 4790
 4797
 4798
 4799
 4801
 4810
 4810
 4814
 4822
 4828
 4855
 4866
 4868
 4880
 4884
 4892
 4899
 4903
 4918
 4929
 4945
 4953
 4964
 4977
 4984
 4986
 4987
 4994
 4995
 5002
 5006
 5007
 5009
 5010
 5012
 5013
 5013
 5024
 5032
 5036
 5039
 5039
 5046
 5051
 5054
 5058
 5059
 5060
 5061
 5061
 5066
 5073
 5074
 5077
 5079
 5081
 5082
 5086
 5088
 5089
 5089
 5094
 5098
 5099
 5100
 5100
 5101
 5102
 5102
 5103
 5109
 5110
 5112
 5112
 5112
 5112
 5114
 5118
 5119
 5120
 5125
 5127
 5127
 5129
 5131
 5133
 5133
 5134
 5136
 5141
 5142
 5142
 5142
 5150
 5153
 5155
 5155
 5157
 5160
 5161
 5163
 5163
 5165
 5166
 5172
 5172
 5175
 5175
 5178
 5187
 5187
 5190
 5191
 5191
 5192
 5198
 5200
 5203
 5208
 5215
 5223
 5226
 5234
 5237
 5243
 5244
 5245
 5246
 5248
 5251
 5279
 5279
 5283
 5292
 5299
 5302
 5305
 5305
 5310
 5310
 5315
 5318
 5324
 5331
 5333
 5342
 5346
 5355
 5363
 5373
 5377
 5403
 5432
 5433
 5486
 5495
 5496
 5499
 5501
 5503
 5509
 5511
 5519
 5520
 5527
 5533
 5561
 5567
 5569
 5573
 5578
 5583
 5592
 5611
 5621
 5622
 5625
 5627
 5638
 5642
 5649
 5663
 5664
 5673
 5678
 5682
 5684
 5690
 5706
 5712
 5743
 5746
 5749
 5758
 5772
 5774
 5777
 5779
 5785
 5794
 5796
 5800
 5808
 5823
 5836
 5837
 5838
 5841
 5841
 5841
 5853
 5853
 5870
 5874
 5880
 5887
 5887
 5894
 5894
 5894
 5900
 5901
 5904
 5905
 5905
 5908
 5908
 5913
 5916
 5917
 5925
 5932
 5933
 5935
 5936
 5939
 5949
 5956
 5957
 5960
 5961
 5961
 5968
 5973
 5975
 5976
 5980
 5983
 5986
 5989
 5991
 5995
 5998
 6000
 6004
 6007
 6008
 6024
 6024
 6028
 6030
 6039
 6040
 6046
 6047
 6048
 6049
 6050
 6052
 6059
 6060
 6064
 6069
 6074
 6077
 6077
 6080
 6081
 6083
 6083
 6091
 6091
 6092
 6092
 6094
 6097
 6103
 6109
 6110
 6112
 6114
 6140
 6142
 6144
 6147
 6149
 6154
 6166
 6166
 6171
 6172
 6172
 6178
 6182
 6189
 6192
 6192
 6194
 6201
 6202
 6204
 6204
 6216
 6219
 6225
 6233
 6234
 6245
 6250
 6253
 6254
 6261
 6263
 6265
 6266
 6268
 6270
 6284
 6301
 6302
 6304
 6304
 6306
 6309
 6312
 6312
 6329
 6330
 6340
 6340
 6340
 6350
 6357
 6359
 6366
 6368
 6369
 6374
 6397
 6407
 6419
 6424
 6427
 6437
 6449
 6454
 6466
 6476
 6482
 6483
 6485
 6499
 6499
 6501
 6517
 6528
 6532
 6536
 6536
 6537
 6555
 6557
 6560
 6579
 6579
 6589
 6593
 6614
 6619
 6623
 6628
 6643
 6645
 6656
 6664
 6668
 6688
 6689
 6689
 6700
 6711
 6715
 6726
 6729
 6733
 6734
 6737
 6750
 6750
 6751
 6751
 6784
 6784
 6827
 6879
 6886
 6894
 6896
 6925
 6956
 6961
 6994
 7018
 7073
 7183
 7888
 14797
