# timestamp	memory footprint (MB)\n
-8.88976 0
-2.16039 0
-0.576856 0
4.92602 0
5.92582 0
6.96519 0
7.96643 0
8.97128 0
9.97543 0
11.9008 0
13.0088 0
14.0789 0
15.0814 0
16.0818 0
18.3948 0
19.5419 0
20.5433 0
21.5474 0
23.5121 0
24.5453 0
25.77 0
26.7726 0
27.777 0
29.04 0
30.041 0
31.4573 0
32.6938 0
33.9493 0
35.177 0
36.1779 0
38.2899 0
39.2907 0
40.2948 0
41.2987 0
42.3028 0
44.1677 0
45.1712 0
46.1752 0
47.1793 0
49.5618 0
50.5636 0
51.7742 0
52.7761 0
53.9257 0
54.9281 0
55.9325 0
56.9365 0
58.2107 0
59.2129 0
60.2508 0
61.2526 0
62.2566 0
63.2611 0
65.412 0
66.409 0
67.4524 0
68.4491 0
69.4489 0
70.4493 0
71.5782 0
75.0664 0
76.0639 0
77.1864 0
78.1838 0
79.1838 0
80.1835 0
81.7376 0
82.7352 0
83.8479 0
84.8472 0
85.9113 0
86.9111 0
88.4499 0
89.4465 0
90.4464 0
92.6606 0
93.6583 0
94.8911 0
95.8906 0
96.8901 0
97.8902 0
98.89 0
100.769 0
101.766 0
102.766 0
104.932 0
105.94 0
106.939 0
108.243 0
109.242 0
110.242 0
111.242 0
113.425 0
114.426 0
115.43 0
116.525 0
117.526 0
118.53 0
120.498 0
121.498 0
122.758 0
123.762 0
124.766 0
125.77 0
127.745 0
128.746 0
129.842 0
130.842 0
131.846 0
134.123 0
135.273 0
136.274 0
137.279 0
138.282 0
140.769 0
141.77 0
142.919 0
143.923 0
145.051 0
146.055 0
147.058 0
148.063 0
149.067 0
151.871 0
152.875 0
154.111 0
155.115 0
156.255 0
157.255 0
158.259 0
159.263 0
161.308 0
162.311 0
163.316 0
164.32 0
166.294 0
167.295 0
168.299 0
169.313 0
170.315 0
171.392 0
172.396 0
173.41 0
174.412 0
175.416 0
176.474 0
178.866 0
179.868 0
181.315 0
182.591 0
183.592 0
184.596 0
185.603 0
186.604 0
188.291 0
189.293 0
190.383 0
191.385 0
193.354 0
194.357 0
195.357 0
196.442 0
197.441 0
198.539 0
199.536 0
200.536 0
202.373 0
203.373 0
204.372 0
205.372 0
206.792 0
207.792 0
208.792 0
211.07 0
212.785 0
213.784 0
215.01 0
216.009 0
217.008 0
218.008 0
219.009 0
220.009 0
222.907 0
223.908 0
225.279 0
226.28 0
227.42 0
228.425 0
229.429 0
230.433 0
232.407 0
233.409 0
234.412 0
235.417 0
237.53 0
238.532 0
239.537 0
240.586 0
241.588 0
242.7 0
243.705 0
244.708 0
246.699 0
247.7 0
248.704 0
249.771 0
250.773 0
253.018 0
254.02 0
255.038 0
256.295 0
257.297 0
258.301 0
259.305 0
260.359 0
261.361 0
262.471 0
263.714 0
264.717 0
265.721 0
266.725 0
267.729 0
268.733 0
271.344 0
272.346 0
273.349 0
274.452 0
277.172 0
278.173 0
279.177 0
280.181 0
283.102 0
284.106 0
285.109 0
286.113 0
289.141 0
290.145 0
291.784 0
292.786 0
293.789 0
294.828 0
295.83 0
296.833 0
297.833 0
299.253 0
300.254 0
301.258 0
302.341 0
303.503 0
304.506 0
305.51 0
306.572 0
307.574 1
308.623 3
311.159 1
312.162 1
313.166 0
314.17 2
315.174 4
316.178 2
317.182 4
318.187 0
319.354 1
320.358 1
321.364 1
322.367 0
323.382 2
324.382 0
325.387 3
326.391 2
327.394 2
328.398 4
329.403 2
330.407 1
332.811 2
333.816 1
334.82 1
335.824 0
336.827 2
337.831 4
338.835 2
339.843 4
341.062 1
342.064 1
343.098 1
344.099 0
345.104 2
346.107 4
347.111 2
348.117 4
349.119 2
350.123 1
351.128 3
352.132 1
353.135 3
354.14 0
356.388 2
357.392 1
358.397 1
359.399 3
360.404 1
361.408 3
362.412 1
363.417 1
364.769 2
365.772 1
366.776 1
367.799 0
368.8 0
369.804 0
370.809 2
371.812 4
372.816 2
373.82 3
374.825 2
375.828 1
376.832 3
377.836 1
378.841 3
379.845 1
380.848 1
381.854 3
382.856 4
383.861 2
384.864 2
385.869 1
386.873 1
387.877 1
388.881 3
389.885 1
390.889 3
391.893 0
392.902 2
393.905 2
394.909 0
395.913 0
396.917 1
397.922 3
398.926 1
399.929 3
400.933 0
401.938 2
402.941 4
403.945 2
404.949 4
405.954 2
407.03 4
408.034 2
409.192 2
410.189 1
411.194 1
412.198 3
413.203 1
414.206 3
415.21 1
416.215 0
417.218 3
418.283 4
419.286 2
420.333 4
421.335 2
422.365 4
423.366 2
424.412 4
425.415 2
426.782 4
427.786 2
428.791 1
429.795 4
430.798 1
431.803 4
432.807 1
433.812 0
434.815 3
435.822 4
436.823 2
437.827 1
438.831 1
439.835 4
440.839 1
441.843 3
442.847 1
443.851 3
445.031 0
446.031 2
447.036 2
448.039 1
449.043 4
450.047 5
451.051 3
452.051 5
453.052 3
454.051 1
455.052 1
456.051 3
457.052 1
458.051 3
459.051 1
460.052 3
461.053 1
462.051 3
463.051 5
464.052 2
465.051 4
466.052 1
467.052 4
468.051 5
469.052 2
470.051 5
471.051 2
472.072 4
473.071 2
474.071 1
475.072 4
476.071 1
477.072 4
478.071 5
479.071 3
480.071 2
481.071 2
482.071 0
483.071 3
484.071 5
485.071 2
486.071 5
487.071 2
488.071 4
489.071 2
490.072 4
491.071 1
492.072 1
493.071 1
494.072 1
495.071 4
496.071 1
497.072 3
498.071 5
499.072 3
500.071 2
501.071 4
502.08 2
503.084 2
504.088 2
505.092 2
506.095 2
507.099 1
508.103 4
509.107 1
510.111 4
511.116 1
512.119 1
513.124 0
514.127 3
515.167 2
516.175 2
517.179 2
518.183 4
519.187 2
520.191 4
521.195 0
522.2 3
523.203 3
524.219 3
525.223 2
526.228 2
527.232 2
528.235 2
529.239 2
530.243 1
531.247 1
532.252 2
533.255 2
534.26 2
535.263 1
536.267 1
537.272 2
538.394 4
539.396 2
540.4 2
541.403 2
542.408 1
543.412 3
544.416 2
545.419 2
546.435 3
547.435 5
548.44 5
549.443 2
550.447 6
551.451 2
552.497 1
553.499 1
554.503 1
555.507 5
556.511 3
557.516 7
558.52 2
559.523 5
560.527 0
561.532 1
562.537 4
563.54 3
564.543 2
565.547 1
566.812 3
567.817 2
568.82 1
569.823 0
570.908 3
571.912 3
572.915 2
573.919 2
574.924 1
575.928 0
576.931 3
577.952 3
578.956 3
579.959 2
580.964 2
581.968 1
582.971 1
583.976 1
584.98 1
585.983 0
586.989 0
587.992 3
589.038 3
590.04 3
591.044 1
592.048 0
593.052 0
594.056 3
595.26 3
596.264 3
597.268 2
598.272 2
599.277 1
600.28 1
601.285 0
602.32 3
603.371 3
604.41 3
605.414 3
606.416 3
607.42 2
608.425 2
609.428 0
610.432 3
611.437 3
612.44 3
613.444 3
614.448 3
615.453 2
616.456 1
617.461 1
618.464 3
619.482 3
620.485 3
621.488 2
622.493 2
623.497 1
624.501 1
625.506 1
626.508 1
627.515 0
628.519 2
629.52 3
630.524 3
631.541 3
632.554 3
633.558 3
634.561 2
635.565 1
636.568 0
637.616 3
638.623 3
639.625 3
640.629 2
641.634 2
642.638 2
643.641 2
644.645 1
645.649 1
646.654 0
647.657 3
648.661 3
649.665 3
650.67 3
651.673 2
652.677 2
653.681 2
654.685 2
655.689 1
656.694 0
657.731 3
658.776 3
659.778 2
660.781 2
661.785 1
662.79 0
663.793 0
664.797 0
665.802 3
666.805 3
667.809 3
668.827 3
669.839 3
670.843 1
671.846 1
672.849 1
673.854 1
674.858 0
675.861 3
677.001 3
678.002 3
679.002 2
680.005 2
681.011 2
682.015 1
683.018 1
684.022 0
685.028 3
686.039 3
687.042 3
688.046 2
689.051 2
690.055 1
691.058 1
692.063 1
693.067 1
694.07 1
695.075 0
696.084 0
697.092 3
698.094 3
699.098 2
700.102 2
701.106 1
702.111 0
703.114 3
704.166 3
705.283 3
706.291 3
707.294 2
708.299 2
709.303 2
710.306 2
711.311 0
712.315 3
713.318 3
714.322 3
715.344 3
716.347 3
717.351 3
718.355 2
719.359 1
720.363 3
721.481 3
722.485 3
723.487 3
724.491 3
725.496 2
726.499 2
727.504 2
728.508 2
729.512 1
730.516 1
731.52 1
732.523 3
733.527 2
734.532 2
735.536 2
736.54 2
737.543 1
738.547 3
739.598 3
740.669 3
741.671 3
742.676 2
743.679 1
744.684 1
745.687 1
746.693 0
747.702 3
748.716 3
749.759 3
750.779 3
751.783 3
752.789 1
753.792 0
754.796 0
755.8 4
756.804 3
757.808 3
758.813 2
759.816 1
760.82 0
761.831 0
762.964 3
764.099 3
765.274 3
766.282 3
767.292 3
768.292 2
769.297 2
770.301 2
771.304 2
772.309 2
773.313 2
774.316 2
775.322 2
776.325 2
777.328 1
778.333 1
779.336 1
780.341 2
781.361 3
782.365 1
783.368 2
784.373 2
785.377 3
786.381 2
787.385 3
788.389 2
789.393 4
790.397 5
791.583 5
792.585 4
793.589 4
794.593 2
795.597 2
796.601 1
797.606 1
798.61 1
799.613 1
800.617 1
801.621 1
802.625 5
803.97 5
804.974 4
805.978 2
806.982 0
807.987 4
808.99 2
809.994 1
810.998 1
812.001 5
813.007 4
814.01 3
815.011 2
816.014 1
817.017 4
818.022 3
819.026 2
820.031 4
821.203 4
822.206 3
823.211 2
824.214 2
825.218 1
826.223 1
827.226 1
828.265 3
829.271 3
830.275 3
831.279 3
832.282 2
833.286 2
834.29 2
835.294 1
836.299 3
837.311 3
838.315 3
839.319 2
840.322 2
841.327 2
842.331 1
843.334 1
844.339 1
845.343 1
846.348 0
847.351 3
848.38 4
849.384 2
850.387 2
851.391 2
852.396 1
853.399 0
854.403 4
855.413 3
856.415 3
857.42 2
858.424 2
859.428 1
860.431 4
861.577 3
862.582 3
863.584 3
864.588 2
865.591 2
866.596 2
867.6 2
868.604 2
869.607 2
870.612 0
871.615 4
872.619 3
873.667 3
874.668 3
875.672 3
876.676 3
877.681 2
878.684 1
879.691 3
880.843 3
881.844 3
882.849 2
883.853 2
884.856 2
885.86 1
886.864 1
887.868 1
888.873 1
889.877 1
890.88 1
891.885 4
892.889 3
893.892 2
894.898 2
895.901 2
896.905 1
897.909 1
898.913 1
899.916 3
900.951 3
901.955 3
902.957 3
903.962 2
904.965 2
905.97 2
906.973 1
907.977 1
908.981 1
909.985 0
910.989 0
911.993 4
912.997 3
914.002 3
915.005 3
916.009 2
917.014 2
918.017 2
919.021 1
920.025 0
921.117 4
922.121 3
923.125 3
924.13 2
925.133 2
926.138 2
927.142 1
928.146 0
929.155 0
930.157 4
931.161 3
932.166 3
933.17 3
934.174 2
935.178 2
936.178 2
937.181 2
938.186 1
939.191 1
940.194 0
941.198 3
942.203 3
943.206 2
944.21 2
945.214 1
946.218 1
947.222 4
948.275 4
949.294 3
950.295 3
951.299 3
952.302 2
953.308 2
954.311 2
955.315 2
956.32 1
957.324 3
958.33 4
959.331 3
960.335 3
961.339 2
962.342 2
963.347 1
964.35 1
965.354 0
966.4 4
967.402 3
968.407 2
969.412 2
970.415 1
971.419 1
972.423 1
973.426 0
974.431 4
975.443 3
976.447 3
977.451 3
978.455 1
979.459 0
980.463 0
981.468 4
982.471 4
983.54 4
984.543 3
985.547 2
986.551 2
987.555 1
988.559 1
989.563 1
990.567 4
991.671 3
992.675 3
993.68 2
994.683 2
995.688 1
996.691 1
997.696 1
998.699 1
999.703 1
1000.71 3
1001.71 3
1002.72 3
1003.72 3
1004.72 2
1005.73 2
1006.73 2
1007.74 2
1008.74 1
1009.74 0
1010.75 4
1011.95 4
1012.96 3
1013.96 2
1014.96 2
1015.97 2
1016.97 1
1017.98 1
1018.98 1
1019.98 1
1020.99 1
1021.99 3
1023 3
1024 2
1025 2
1026.01 2
1027.01 1
1028.01 0
1029.02 0
1030.02 4
1031.07 3
1032.07 3
1033.07 2
1034.08 1
1035.08 1
1036.08 1
1037.09 0
1038.09 4
1039.1 4
1040.1 3
1041.1 4
1042.11 3
1043.11 2
1044.12 2
1045.12 1
1046.12 1
1047.13 1
1048.13 4
1049.19 3
1050.19 3
1051.2 3
1052.2 2
1053.2 1
1054.21 0
1055.25 4
1056.31 3
1057.32 3
1058.32 3
1059.32 2
1060.33 2
1061.33 1
1062.34 1
1063.34 1
1064.34 1
1065.35 3
1066.35 3
1067.36 2
1068.36 2
1069.36 2
1070.37 1
1071.37 0
1072.54 4
1073.54 3
1074.54 3
1075.55 3
1076.55 2
1077.56 1
1078.56 1
1079.57 0
1080.57 4
1081.59 4
1082.59 3
1083.59 3
1084.6 3
1085.6 2
1086.6 0
1087.61 3
1088.64 3
1089.64 4
1090.64 3
1091.65 2
1092.65 2
1093.66 1
1094.66 1
1095.66 1
1096.67 4
1097.67 4
1098.69 4
1099.69 3
1100.69 3
1101.7 2
1102.7 2
1103.7 1
1104.71 1
1105.71 1
1106.72 4
1107.72 4
1108.72 2
1109.73 2
1110.73 2
1111.74 1
1112.74 0
1113.75 4
1114.75 4
1115.79 3
1116.89 3
1117.89 3
1118.9 2
1119.9 2
1120.91 1
1121.91 1
1122.91 0
1123.92 4
1124.95 4
1125.98 3
1126.99 3
1127.99 3
1129 3
1130 0
1131 4
1132.03 4
1133.04 3
1134.04 3
1135.05 3
1136.05 2
1137.05 1
1138.06 0
1139.06 4
1140.08 3
1141.08 3
1142.09 3
1143.09 2
1144.09 1
1145.1 1
1146.1 0
1147.11 0
1148.11 0
1149.12 4
1150.12 3
1151.13 3
1152.13 0
1153.14 4
1154.15 3
1155.15 4
1156.22 3
1157.22 3
1158.23 2
1159.23 2
1160.23 2
1161.24 1
1162.24 1
1163.25 1
1164.25 1
1165.25 4
1166.31 4
1167.31 3
1168.31 3
1169.32 3
1170.32 3
1171.32 2
1172.33 2
1173.33 1
1174.33 3
1175.34 3
1176.34 2
1177.35 2
1178.35 1
1179.35 1
1180.36 4
1181.36 4
1182.5 4
1183.51 3
1184.51 2
1185.51 2
1186.52 2
1187.52 2
1188.53 1
1189.53 0
1190.53 4
1191.54 4
1192.56 3
1193.6 3
1194.61 3
1195.61 0
1196.61 4
1197.62 4
1198.62 4
1199.63 3
