# timestamp	utilization (%) \n
5.92582 0
11.9008 0
18.3948 0
24.5453 0
30.041 0
36.1779 0
42.3028 0
49.5618 0
54.9281 0
60.2508 0
66.409 0
71.5782 0
79.1839 0
84.8472 0
90.4464 0
96.8901 0
102.766 0
109.242 0
115.43 0
121.498 0
127.745 0
134.123 0
140.769 0
146.055 0
152.875 0
158.259 0
164.32 0
170.315 0
175.416 0
182.591 0
188.291 0
194.357 0
199.536 0
205.372 0
212.785 0
218.008 0
225.279 0
230.433 0
237.53 0
242.7 0
248.704 0
255.038 0
260.359 0
265.721 0
272.346 0
279.177 0
286.113 0
293.789 0
299.253 0
304.506 0
311.159 0
316.178 0
321.364 0
326.391 1
332.811 1
337.831 1
343.098 2
348.117 2
353.135 2
359.399 3
364.769 3
369.804 3
374.825 3
379.845 4
384.864 4
389.885 4
394.909 5
399.929 5
404.949 5
410.189 6
415.21 6
420.333 6
425.415 7
430.798 7
435.822 8
440.839 8
446.031 8
451.051 9
456.051 9
461.053 9
466.052 10
471.051 10
476.071 10
481.071 11
486.071 11
491.071 12
496.071 12
501.071 12
506.095 13
511.116 13
516.175 14
521.195 14
526.228 15
531.247 15
536.267 15
541.403 16
546.435 16
551.451 17
556.511 17
561.532 18
566.812 18
571.912 18
576.931 18
581.968 18
586.989 18
592.048 19
597.268 19
602.32 19
607.42 19
612.44 19
617.461 19
622.493 19
627.515 20
632.554 20
637.616 20
642.638 20
647.657 20
652.677 20
657.731 20
662.79 20
667.809 21
672.849 21
678.002 21
683.018 21
688.046 21
693.067 21
698.094 21
703.114 21
708.299 22
713.318 22
718.355 22
723.487 22
728.508 22
733.527 22
738.547 22
743.679 22
748.716 22
753.792 22
758.813 23
764.099 23
769.297 23
774.316 23
779.336 23
784.373 23
789.393 23
794.593 23
799.613 23
804.974 23
809.994 23
815.011 23
820.031 24
825.218 24
830.275 24
835.294 24
840.322 24
845.343 24
850.387 24
855.413 24
860.431 24
865.591 24
870.612 24
875.672 24
880.843 24
885.86 24
890.88 24
895.901 24
900.951 24
905.97 24
910.989 24
916.009 25
921.117 25
926.138 25
931.161 25
936.178 25
941.198 25
946.218 25
951.299 25
956.32 25
961.339 25
966.4 25
971.419 25
976.447 25
981.468 25
986.551 25
991.671 25
996.691 25
1001.71 25
1006.73 25
1011.95 25
1016.97 25
1021.99 25
1027.01 26
1032.07 26
1037.09 26
1042.11 26
1047.13 26
1052.2 26
1057.32 26
1062.34 26
1067.36 26
1072.54 26
1077.56 26
1082.59 26
1087.61 26
1092.65 26
1097.67 26
1102.7 26
1107.72 26
1112.74 26
1117.89 26
1122.91 26
1127.99 26
1133.04 26
1138.06 26
1143.09 26
1148.11 26
1153.14 26
1158.23 26
1163.25 26
1168.31 26
1173.33 26
1178.35 26
1183.51 26
1188.53 26
1193.6 26
1198.62 26
