-0.597208 0
4.97702 0
5.97615 5
6.9765 40
7.97652 40
9.03257 41
10.0322 51
12.0333 70
13.165 21
14.2901 41
15.2882 53
16.2881 80
18.6637 80
19.6603 16
20.6601 58
21.6605 79
23.9992 79
24.9962 13
26.254 53
27.2521 39
28.2981 43
29.2963 39
30.2964 29
32.04 80
33.3228 28
34.6077 40
35.8756 40
36.8722 60
39.0902 79
40.0883 20
41.0882 29
42.0884 80
43.0882 79
45.1043 79
46.3764 16
47.3762 55
48.3763 72
50.5597 71
51.556 13
52.7749 52
53.7721 33
54.9843 46
55.9839 35
57.1383 42
58.1362 56
59.4215 77
60.42 23
61.5098 42
62.5081 37
63.5082 73
66.3578 73
67.3563 14
68.3563 71
69.3559 71
71.3983 75
72.3963 17
73.6394 38
74.6361 34
75.8011 46
76.7998 36
77.9039 41
78.904 56
80.2688 72
81.2682 22
82.328 42
83.3281 38
84.3283 72
86.0739 71
87.0718 36
88.4916 69
91.0165 36
92.0159 25
93.0158 69
94.6242 76
96.8661 23
97.8642 22
98.916 39
99.9161 53
100.916 71
103.411 71
104.408 14
105.67 44
106.669 35
107.668 50
108.668 71
110.584 73
111.58 16
112.838 45
113.836 55
114.847 68
117.209 58
118.295 16
119.292 55
120.292 60
122.751 68
123.748 15
124.97 46
125.968 34
127.102 46
128.1 35
129.1 46
130.1 71
131.1 62
134.432 69
135.432 16
136.885 71
137.884 25
139.011 40
140.008 34
141.008 70
142.008 59
144.088 65
145.088 17
146.088 69
147.088 58
148.088 40
150.468 56
151.468 17
152.583 38
153.58 35
154.667 46
155.663 37
156.664 46
157.868 72
158.868 27
159.868 29
161.108 47
162.108 57
163.108 57
165.26 70
166.26 18
167.26 46
168.26 70
169.259 58
170.95 59
171.948 29
172.948 68
176.37 54
177.368 13
178.505 39
179.504 55
180.504 60
182.874 71
183.871 15
184.872 69
185.872 58
188.064 69
189.064 15
190.064 43
191.133 43
192.132 33
193.366 42
194.364 34
195.364 70
197.24 53
198.24 21
199.291 36
200.288 57
201.288 59
203.652 70
204.651 17
205.696 39
206.696 35
207.696 32
208.695 47
209.695 29
210.696 71
212.012 43
213.236 25
214.235 38
215.235 30
216.235 70
217.236 58
219.38 69
220.379 17
221.38 45
222.38 66
223.38 61
225.156 55
226.155 14
227.156 36
228.155 41
229.175 35
230.172 48
231.171 27
232.182 70
234.003 54
235.003 31
236.004 58
237.003 67
240.091 52
241.087 14
242.15 38
243.187 56
244.187 59
246.652 54
247.651 16
248.651 48
249.651 57
252.122 68
253.119 16
254.119 35
255.218 48
256.215 36
257.323 38
258.319 34
259.319 70
261.413 54
262.411 21
263.44 37
264.527 54
265.523 61
267.898 52
268.895 16
269.957 45
270.956 36
271.994 37
272.991 35
274.045 33
275.043 65
276.43 49
277.63 25
278.883 38
279.883 39
280.883 58
281.926 69
283.837 39
285.021 18
286.019 48
287.019 57
289.42 68
290.419 17
291.542 38
292.539 36
293.568 32
294.758 48
295.755 36
296.755 58
298.577 69
299.834 21
300.832 37
301.832 57
302.853 67
305.001 46
305.999 15
307.143 46
308.139 37
309.139 28
310.14 43
311.139 31
312.139 68
313.666 50
314.663 26
315.663 48
316.663 54
317.663 65
318.663 57
319.663 63
320.689 67
321.687 13
322.687 53
323.687 61
324.687 49
325.688 57
326.687 51
327.687 65
328.692 68
329.691 53
330.697 67
331.761 45
332.76 38
333.759 53
334.76 55
335.759 56
336.759 61
337.759 78
338.759 74
340.372 92
341.51 36
342.507 61
343.507 77
344.507 81
345.507 57
346.917 65
347.915 28
348.915 53
349.948 62
350.948 52
351.947 54
352.948 58
353.947 67
354.948 57
355.948 68
356.947 54
357.973 26
358.971 59
359.972 51
360.98 56
361.979 59
362.979 52
363.979 65
364.979 60
365.979 63
367.2 66
368.2 37
369.199 67
370.199 58
371.199 66
372.199 57
373.2 29
374.26 66
375.259 56
376.276 42
377.275 57
378.275 55
379.275 67
380.275 56
381.275 66
382.275 56
383.275 28
384.281 65
385.279 56
386.279 46
387.309 56
388.308 55
389.308 61
390.306 58
391.307 65
392.318 59
393.704 54
394.708 47
395.707 42
396.706 59
397.706 56
398.707 57
399.707 59
400.706 66
401.708 55
402.707 67
403.707 55
404.706 33
405.707 56
406.707 60
407.706 58
408.706 54
409.706 55
410.706 65
411.706 57
412.706 66
414.021 55
415.019 46
416.019 63
417.018 57
418.02 65
419.018 56
420.018 60
421.019 62
422.122 66
423.125 14
424.123 61
425.124 55
426.124 57
427.123 61
428.123 66
429.124 57
430.124 65
431.122 36
432.123 65
433.123 46
434.146 57
435.143 56
436.143 57
437.142 57
438.142 66
439.163 70
440.163 54
441.666 67
442.666 45
443.667 81
444.666 79
445.666 68
446.666 61
447.666 62
448.763 68
450.387 51
451.387 31
452.386 57
453.387 58
454.386 66
455.386 56
456.387 66
457.389 55
458.386 45
459.412 65
460.41 45
461.411 56
462.41 58
463.41 55
464.41 66
465.435 70
466.435 55
467.455 71
468.455 39
469.458 52
470.454 62
471.455 57
472.454 58
473.455 57
474.455 59
475.454 64
476.46 55
477.46 65
478.458 55
479.459 63
480.459 68
481.459 55
482.459 65
483.458 58
484.458 64
485.465 62
486.463 52
487.464 65
488.462 21
489.462 59
490.462 66
491.465 70
492.463 55
493.468 67
494.466 53
495.466 60
496.466 64
497.752 54
498.75 45
499.75 56
500.751 59
501.752 58
502.75 59
503.751 64
504.75 56
505.752 64
506.775 58
507.774 49
508.774 65
509.853 69
510.851 54
511.85 67
512.851 54
513.871 68
514.87 54
515.87 66
516.87 57
517.87 44
518.87 69
519.892 66
520.903 72
521.903 66
522.902 64
523.903 63
524.902 56
525.902 66
526.902 50
527.909 64
528.907 60
529.906 66
530.906 57
531.906 72
532.906 53
533.907 56
534.906 56
535.906 66
536.906 51
537.916 65
538.914 61
539.915 62
540.914 56
541.914 67
542.915 56
543.914 60
544.914 54
545.914 66
546.914 60
547.915 52
548.914 63
549.914 64
550.914 61
551.914 62
552.914 62
553.914 61
554.915 61
555.914 62
556.918 69
557.919 62
558.918 54
559.923 62
560.922 64
561.924 63
562.922 61
563.923 60
564.922 61
565.923 70
566.922 49
567.922 61
568.923 69
569.924 54
570.922 61
571.922 65
572.922 62
573.923 65
574.922 61
575.923 61
576.922 50
577.923 61
578.922 63
579.945 66
580.943 57
581.942 61
582.942 61
583.943 61
584.942 63
585.942 67
586.958 59
587.958 60
588.958 61
589.958 54
590.959 61
591.959 61
592.961 61
593.959 64
594.958 62
595.958 60
596.958 59
597.958 61
598.958 61
599.958 63
600.958 64
601.958 52
602.958 61
603.958 55
604.959 61
605.959 62
606.958 60
607.959 63
608.958 62
609.957 62
610.959 62
611.959 62
612.957 63
613.984 66
614.982 78
615.982 89
616.982 73
617.982 90
618.982 78
619.982 81
620.981 92
622.009 89
623.005 83
624.005 88
625.006 90
626.006 97
627.005 38
628.005 92
629.006 75
630.006 78
631.005 69
632.006 77
633.006 71
634.005 79
635.005 72
636.005 98
637.006 79
638.005 59
639.005 60
640.005 64
641.006 59
642.006 67
643.006 57
644.006 65
645.006 55
646.005 67
647.086 68
648.085 55
649.087 59
650.086 60
651.093 67
652.09 58
653.09 62
654.09 61
655.091 58
656.179 66
657.178 49
658.179 49
659.179 54
660.177 57
661.219 64
662.218 55
663.219 62
664.217 63
665.243 66
666.243 58
667.242 61
668.242 62
669.242 61
670.242 60
671.242 62
672.241 59
673.241 54
674.241 62
675.243 52
676.242 61
677.242 60
678.241 61
679.242 61
680.241 63
681.241 61
682.241 62
683.277 65
684.277 58
685.278 60
686.278 59
687.277 61
688.277 49
689.277 60
690.277 61
691.348 66
692.346 54
693.345 53
694.347 62
695.347 62
696.345 62
697.345 62
698.345 62
699.346 63
700.346 63
701.347 63
702.346 63
703.345 63
704.394 68
705.394 62
706.393 58
707.394 62
708.393 58
709.395 52
710.393 61
711.393 61
712.393 62
713.393 62
714.393 61
715.393 60
716.393 63
717.395 62
718.393 63
719.394 61
720.393 63
721.393 60
722.394 58
723.393 62
724.394 67
725.393 60
726.393 62
727.394 62
728.395 62
729.394 52
730.394 49
731.393 67
732.396 61
733.393 62
734.393 63
735.394 62
736.395 52
737.394 59
738.394 61
739.393 63
740.394 63
741.394 57
742.393 62
743.394 63
744.394 63
745.394 60
746.393 63
747.393 65
748.393 61
749.394 63
750.393 51
751.393 52
752.393 58
753.433 58
754.442 63
755.441 60
756.443 56
757.441 57
758.441 63
759.443 64
760.442 65
761.441 62
762.442 63
763.442 62
764.441 61
765.441 54
766.449 65
767.45 60
768.449 62
769.45 61
770.449 62
771.451 60
772.449 53
773.449 53
774.57 66
775.569 54
776.57 55
777.571 62
778.57 55
779.569 58
780.569 61
781.569 61
782.57 66
783.569 64
784.569 65
785.569 66
786.57 61
787.569 61
788.57 61
789.569 62
790.57 60
791.57 55
792.57 63
793.569 64
794.725 67
795.725 50
796.726 63
797.726 59
798.725 72
799.726 62
800.725 62
801.725 62
802.726 62
803.725 61
804.725 61
805.726 62
806.725 61
807.725 62
808.763 65
809.761 58
810.761 62
811.762 59
812.761 59
813.761 61
814.762 54
815.761 55
816.798 64
817.798 58
818.799 56
819.798 63
820.797 58
821.797 62
822.797 67
823.797 69
824.797 64
825.815 66
826.813 60
827.814 61
828.814 61
829.813 61
830.815 61
831.813 61
832.813 63
833.813 56
834.813 62
835.813 62
836.814 54
837.814 62
838.813 59
839.814 55
840.813 59
841.824 65
842.82 57
843.821 65
844.82 65
845.821 66
846.868 65
847.865 61
848.866 63
849.865 61
850.865 62
851.865 61
852.865 60
853.868 53
854.905 68
855.905 54
856.904 56
857.906 61
858.906 61
859.905 63
860.905 61
861.906 57
862.905 61
863.904 63
864.905 63
865.904 63
866.906 62
867.905 62
868.905 61
869.905 62
870.905 63
871.905 62
872.909 66
873.909 59
874.908 59
875.908 56
876.909 63
877.909 54
878.909 62
879.909 63
880.999 65
881.997 54
882.998 60
883.997 59
884.997 63
886.001 61
887.001 64
888.002 64
889.001 62
890 61
891 66
892.002 62
893.001 62
894 62
895.001 61
896.001 62
897.001 58
898 57
899 66
900.013 65
901.014 61
902.013 57
903.013 63
904.013 55
905.014 58
906.014 60
907.012 62
908.015 67
909.012 61
910.014 63
911.012 62
912.013 63
913.012 62
914.012 60
915.013 86
916.016 95
917.02 81
918.02 76
919.07 94
920.072 69
921.077 89
922.081 77
923.085 87
924.089 93
925.094 96
926.097 82
927.101 95
928.105 82
929.109 94
930.113 94
931.118 85
932.13 100
933.134 88
934.138 85
935.142 66
936.146 61
937.15 59
938.154 63
939.158 61
940.164 61
941.166 63
942.17 62
943.174 61
944.179 48
945.183 64
946.188 49
947.192 46
948.195 65
949.199 61
950.203 59
951.208 62
952.212 55
953.215 59
954.219 62
955.224 62
956.228 61
957.232 62
958.235 61
959.24 62
960.244 62
961.248 63
962.252 65
963.26 67
964.262 63
965.265 61
966.269 56
967.273 59
968.276 55
969.277 63
970.281 63
971.285 59
972.306 65
973.309 60
974.314 60
975.318 61
976.323 62
977.325 62
978.329 64
979.333 63
980.337 64
981.341 62
982.346 59
983.351 66
984.376 65
985.378 62
986.383 62
987.387 59
988.39 57
989.395 55
990.398 51
991.404 68
992.407 54
993.411 62
994.415 63
995.418 57
996.423 56
997.428 64
998.432 61
999.436 79
1000.44 92
1001.44 92
1002.45 95
1003.45 83
1004.46 91
1005.52 92
1006.56 87
1007.7 91
1008.7 59
1009.7 46
1010.71 65
1011.71 62
1012.72 55
1013.72 60
1014.72 61
1015.73 61
1016.73 63
1017.77 68
1018.78 59
1019.78 62
1020.78 60
1021.79 62
1022.79 67
1023.8 98
1024.8 95
1025.8 86
1026.81 79
1027.81 64
1028.81 53
1029.82 55
1030.82 61
1031.83 64
1032.83 61
1033.83 60
1034.84 60
1035.84 63
1036.85 63
1037.85 64
1038.85 68
1039.86 100
1040.86 98
1041.87 90
1042.87 95
1043.87 78
1044.88 92
1045.88 75
1046.89 72
1047.89 91
1048.89 86
1049.93 96
1050.94 83
1051.95 92
1052.95 94
1054.02 92
1055.09 93
1056.1 89
1057.23 93
1058.25 78
1059.25 70
1060.25 76
1061.25 83
1062.26 93
1063.26 90
1064.27 97
1065.27 86
1066.28 92
1067.28 93
1068.28 89
1069.29 81
1070.29 93
1071.3 77
1072.3 86
1073.3 81
1074.31 88
1075.31 95
1076.32 91
1077.39 97
1078.39 98
1079.39 98
1080.4 84
1081.4 65
1082.4 52
1083.41 59
1084.41 61
1085.44 67
1086.45 58
1087.45 61
1088.45 62
1089.46 64
1090.46 61
1091.46 49
1092.61 67
1093.61 50
1094.61 53
1095.62 56
1096.62 64
1097.63 62
1098.63 56
1099.63 59
1100.64 63
1101.65 65
1102.65 59
1103.65 63
1104.66 61
1105.66 61
1106.67 60
1107.67 62
1108.67 61
1109.68 62
1110.68 64
1111.88 65
1112.89 53
1113.89 59
1114.89 63
1115.89 55
1116.9 63
1117.9 64
1118.91 60
1119.91 61
1120.92 66
1121.92 64
1122.92 64
1123.93 62
1124.93 64
1125.93 62
1126.94 62
1127.94 62
1128.95 63
1129.95 63
1130.97 63
1132.06 64
1133.06 57
1134.06 57
1135.07 58
1136.07 62
1137.08 63
1138.08 54
1139.08 64
1140.09 63
1141.13 66
1142.14 57
1143.14 61
1144.14 64
1145.15 64
1146.15 62
1147.16 62
1148.16 63
1149.16 61
1150.17 63
1151.17 64
1152.18 66
1153.19 65
1154.19 59
1155.19 57
1156.2 53
1157.2 60
1158.21 62
1159.21 59
1160.21 65
1161.26 64
1162.26 57
1163.27 56
1164.27 61
1165.27 60
1166.28 64
1167.28 63
1168.29 62
1169.29 60
1170.29 63
1171.3 62
1172.3 65
1173.31 66
1174.31 59
1175.31 63
1176.32 61
1177.32 58
1178.33 53
1179.33 63
1180.33 56
1181.37 64
1182.45 62
1183.45 57
1184.45 61
1185.46 62
1186.46 62
1187.47 63
1188.47 63
1189.47 62
1190.48 65
1191.48 62
1192.49 63
1193.49 62
1194.49 66
1195.5 61
1196.5 63
1197.51 63
1198.51 62
1199.51 58
1200.52 60
