-0.597208 0
4.97702 0
5.97615 0
6.9765 0
7.97652 0
9.03257 0
10.0322 0
12.0333 0
13.165 0
14.2901 0
15.2882 0
16.2881 0
18.6637 0
19.6603 0
20.6601 0
21.6605 0
23.9992 0
24.9962 0
26.254 0
27.2521 0
28.2981 0
29.2963 0
30.2964 0
32.04 0
33.3228 0
34.6077 0
35.8756 0
36.8722 0
39.0902 0
40.0883 0
41.0882 0
42.0884 0
43.0882 0
45.1043 0
46.3764 0
47.3762 0
48.3763 0
50.5597 0
51.556 0
52.7749 0
53.7721 0
54.9843 0
55.9839 0
57.1383 0
58.1362 0
59.4215 0
60.42 0
61.5098 0
62.5081 0
63.5082 0
66.3578 0
67.3563 0
68.3563 0
69.3559 0
71.3983 0
72.3963 0
73.6394 0
74.6361 0
75.8011 0
76.7998 0
77.9039 0
78.904 0
80.2688 0
81.2682 0
82.328 0
83.3281 0
84.3283 0
86.0739 0
87.0718 0
88.4916 0
91.0165 0
92.0159 0
93.0158 0
94.6242 0
96.8661 0
97.8642 0
98.916 0
99.9161 0
100.916 0
103.411 0
104.408 0
105.67 0
106.669 0
107.668 0
108.668 0
110.584 0
111.58 0
112.838 0
113.836 0
114.847 0
117.209 0
118.295 0
119.292 0
120.292 0
122.751 0
123.748 0
124.97 0
125.968 0
127.102 0
128.1 0
129.1 0
130.1 0
131.1 0
134.432 0
135.432 0
136.885 0
137.884 0
139.011 0
140.008 0
141.008 0
142.008 0
144.088 0
145.088 0
146.088 0
147.088 0
148.088 0
150.468 0
151.468 0
152.583 0
153.58 0
154.667 0
155.663 0
156.664 0
157.868 0
158.868 0
159.868 0
161.108 0
162.108 0
163.108 0
165.26 0
166.26 0
167.26 0
168.26 0
169.259 0
170.95 0
171.948 0
172.948 0
176.37 0
177.368 0
178.505 0
179.504 0
180.504 0
182.874 0
183.871 0
184.872 0
185.872 0
188.064 0
189.064 0
190.064 0
191.133 0
192.132 0
193.366 0
194.364 0
195.364 0
197.24 0
198.24 0
199.291 0
200.288 0
201.288 0
203.652 0
204.651 0
205.696 0
206.696 0
207.696 0
208.695 0
209.695 0
210.696 0
212.012 0
213.236 0
214.235 0
215.235 0
216.235 0
217.236 0
219.38 0
220.379 0
221.38 0
222.38 0
223.38 0
225.156 0
226.155 0
227.156 0
228.155 0
229.175 0
230.172 0
231.171 0
232.182 0
234.003 0
235.003 0
236.004 0
237.003 0
240.091 0
241.087 0
242.15 0
243.187 0
244.187 0
246.652 0
247.651 0
248.651 0
249.651 0
252.122 0
253.119 0
254.119 0
255.218 0
256.215 0
257.323 0
258.319 0
259.319 0
261.413 0
262.411 0
263.44 0
264.527 0
265.523 0
267.898 0
268.895 0
269.957 0
270.956 0
271.994 0
272.991 0
274.045 0
275.043 0
276.43 0
277.63 0
278.883 0
279.883 0
280.883 0
281.926 0
283.837 0
285.021 0
286.019 0
287.019 0
289.42 0
290.419 0
291.542 0
292.539 0
293.568 0
294.758 0
295.755 0
296.755 0
298.577 0
299.834 0
300.832 0
301.832 0
302.853 0
305.001 0
305.999 0
307.143 0
308.139 0
309.139 0
310.14 0
311.139 0
312.139 0
313.666 0
314.663 2
315.663 16
316.663 17
317.663 24
318.663 20
319.663 22
320.689 24
321.687 2
322.687 19
323.687 22
324.687 17
325.688 20
326.687 18
327.687 24
328.692 25
329.691 16
330.697 25
331.761 14
332.76 14
333.759 19
334.76 18
335.759 20
336.759 22
337.759 29
338.759 25
340.372 34
341.51 12
342.507 22
343.507 27
344.507 29
345.507 20
346.917 24
347.915 9
348.915 19
349.948 23
350.948 18
351.947 20
352.948 21
353.947 25
354.948 20
355.948 26
356.947 19
357.973 9
358.971 21
359.972 19
360.98 20
361.979 22
362.979 19
363.979 25
364.979 22
365.979 22
367.2 25
368.2 12
369.199 26
370.199 21
371.199 25
372.199 20
373.2 11
374.26 25
375.259 20
376.276 16
377.275 20
378.275 21
379.275 26
380.275 19
381.275 25
382.275 20
383.275 11
384.281 25
385.279 21
386.279 16
387.309 20
388.308 20
389.308 23
390.306 21
391.307 24
392.318 23
393.704 20
394.708 18
395.707 15
396.706 22
397.706 21
398.707 21
399.707 23
400.706 26
401.708 19
402.707 27
403.707 20
404.706 13
405.707 21
406.707 24
407.706 22
408.706 21
409.706 21
410.706 26
411.706 20
412.706 26
414.021 20
415.019 18
416.019 25
417.018 21
418.02 26
419.018 20
420.018 23
421.019 24
422.122 26
423.125 4
424.123 24
425.124 20
426.124 22
427.123 23
428.123 27
429.124 20
430.124 26
431.122 13
432.123 26
433.123 18
434.146 21
435.143 22
436.143 23
437.142 22
438.142 27
439.163 29
440.163 19
441.666 27
442.666 17
443.667 32
444.666 32
445.666 27
446.666 25
447.666 23
448.763 28
450.387 19
451.387 12
452.386 23
453.387 22
454.386 28
455.386 21
456.387 27
457.389 21
458.386 19
459.412 27
460.41 17
461.411 23
462.41 23
463.41 23
464.41 27
465.435 30
466.435 19
467.455 30
468.455 15
469.458 21
470.454 26
471.455 23
472.454 23
473.455 23
474.455 24
475.454 27
476.46 21
477.46 28
478.458 23
479.459 26
480.459 29
481.459 22
482.459 27
483.458 24
484.458 26
485.465 26
486.463 21
487.464 28
488.462 7
489.462 25
490.462 28
491.465 31
492.463 22
493.468 29
494.466 21
495.466 25
496.466 28
497.752 22
498.75 19
499.75 23
500.751 26
501.752 24
502.75 25
503.751 28
504.75 22
505.752 28
506.775 25
507.774 19
508.774 29
509.853 31
510.851 22
511.85 29
512.851 22
513.871 30
514.87 22
515.87 29
516.87 24
517.87 18
518.87 30
519.892 28
520.903 32
521.903 29
522.902 28
523.903 28
524.902 22
525.902 29
526.902 23
527.909 28
528.907 26
529.906 30
530.906 24
531.906 33
532.906 23
533.907 26
534.906 24
535.906 30
536.906 22
537.916 29
538.914 27
539.915 29
540.914 23
541.914 31
542.915 25
543.914 28
544.914 23
545.914 30
546.914 27
547.915 23
548.914 29
549.914 29
550.914 28
551.914 28
552.914 29
553.914 27
554.915 28
555.914 28
556.918 32
557.919 29
558.918 24
559.923 29
560.922 30
561.924 30
562.922 29
563.923 28
564.922 28
565.923 33
566.922 23
567.922 28
568.923 33
569.924 24
570.922 28
571.922 31
572.922 29
573.923 31
574.922 28
575.923 30
576.922 22
577.923 30
578.922 30
579.945 32
580.943 27
581.942 28
582.942 28
583.943 29
584.942 30
585.942 33
586.958 28
587.958 29
588.958 29
589.958 25
590.959 30
591.959 29
592.961 30
593.959 31
594.958 29
595.958 28
596.958 28
597.958 29
598.958 29
599.958 31
600.958 31
601.958 24
602.958 30
603.958 26
604.959 30
605.959 30
606.958 29
607.959 30
608.958 30
609.957 30
610.959 29
611.959 30
612.957 30
613.984 32
614.982 39
615.982 42
616.982 35
617.982 43
618.982 38
619.982 39
620.981 45
622.009 43
623.005 40
624.005 42
625.006 44
626.006 48
627.005 18
628.005 43
629.006 35
630.006 38
631.005 33
632.006 37
633.006 35
634.005 39
635.005 35
636.005 50
637.006 36
638.005 29
639.005 29
640.005 32
641.006 26
642.006 34
643.006 27
644.006 33
645.006 26
646.005 33
647.086 34
648.085 26
649.087 28
650.086 29
651.093 34
652.09 29
653.09 30
654.09 29
655.091 28
656.179 34
657.178 24
658.179 25
659.179 26
660.177 30
661.219 32
662.218 27
663.219 30
664.217 32
665.243 33
666.243 28
667.242 30
668.242 31
669.242 30
670.242 30
671.242 31
672.241 29
673.241 27
674.241 31
675.243 25
676.242 30
677.242 31
678.241 30
679.242 30
680.241 31
681.241 30
682.241 31
683.277 33
684.277 29
685.278 30
686.278 30
687.277 30
688.277 24
689.277 30
690.277 30
691.348 32
692.346 27
693.345 26
694.347 31
695.347 31
696.345 30
697.345 30
698.345 32
699.346 31
700.346 31
701.347 32
702.346 32
703.345 31
704.394 35
705.394 30
706.393 30
707.394 31
708.393 29
709.395 26
710.393 30
711.393 31
712.393 31
713.393 31
714.393 30
715.393 31
716.393 32
717.395 31
718.393 32
719.394 30
720.393 32
721.393 30
722.394 30
723.393 31
724.394 34
725.393 30
726.393 31
727.394 31
728.395 31
729.394 26
730.394 25
731.393 34
732.396 31
733.393 31
734.393 32
735.394 31
736.395 26
737.394 30
738.394 31
739.393 32
740.394 31
741.394 29
742.393 30
743.394 32
744.394 31
745.394 30
746.393 32
747.393 33
748.393 31
749.394 32
750.393 26
751.393 26
752.393 30
753.433 30
754.442 32
755.441 30
756.443 28
757.441 29
758.441 32
759.443 32
760.442 34
761.441 32
762.442 33
763.442 31
764.441 31
765.441 28
766.449 33
767.45 30
768.449 32
769.45 31
770.449 31
771.451 31
772.449 27
773.449 27
774.57 34
775.569 27
776.57 28
777.571 32
778.57 28
779.569 29
780.569 32
781.569 31
782.57 34
783.569 33
784.569 33
785.569 34
786.57 31
787.569 32
788.57 31
789.569 31
790.57 32
791.57 28
792.57 32
793.569 32
794.725 35
795.725 26
796.726 32
797.726 30
798.725 37
799.726 32
800.725 32
801.725 31
802.726 33
803.725 32
804.725 31
805.726 32
806.725 31
807.725 32
808.763 34
809.761 30
810.761 32
811.762 31
812.761 30
813.761 32
814.762 27
815.761 29
816.798 33
817.798 31
818.799 28
819.798 33
820.797 30
821.797 31
822.797 35
823.797 36
824.797 33
825.815 34
826.813 32
827.814 32
828.814 31
829.813 31
830.815 32
831.813 31
832.813 33
833.813 29
834.813 33
835.813 32
836.814 27
837.814 33
838.813 31
839.814 29
840.813 31
841.824 34
842.82 30
843.821 34
844.82 33
845.821 35
846.868 33
847.865 32
848.866 33
849.865 32
850.865 32
851.865 32
852.865 32
853.868 27
854.905 35
855.905 28
856.904 29
857.906 32
858.906 33
859.905 32
860.905 32
861.906 29
862.905 33
863.904 33
864.905 33
865.904 32
866.906 32
867.905 32
868.905 32
869.905 33
870.905 33
871.905 32
872.909 35
873.909 31
874.908 31
875.908 29
876.909 33
877.909 28
878.909 32
879.909 34
880.999 34
881.997 28
882.998 30
883.997 31
884.997 32
886.001 30
887.001 34
888.002 33
889.001 32
890 32
891 33
892.002 33
893.001 32
894 32
895.001 33
896.001 32
897.001 30
898 30
899 35
900.013 33
901.014 31
902.013 30
903.013 32
904.013 28
905.014 31
906.014 31
907.012 32
908.015 36
909.012 32
910.014 33
911.012 32
912.013 32
913.012 33
914.012 31
915.013 45
916.016 50
917.02 42
918.02 40
919.07 49
920.072 36
921.077 47
922.081 41
923.085 46
924.089 49
925.094 51
926.097 42
927.101 50
928.105 43
929.109 51
930.113 50
931.118 44
932.13 54
933.134 46
934.138 44
935.142 35
936.146 33
937.15 30
938.154 34
939.158 32
940.164 33
941.166 34
942.17 32
943.174 32
944.179 25
945.183 35
946.188 25
947.192 24
948.195 35
949.199 32
950.203 33
951.208 33
952.212 30
953.215 31
954.219 33
955.224 33
956.228 33
957.232 33
958.235 32
959.24 33
960.244 33
961.248 33
962.252 35
963.26 36
964.262 33
965.265 33
966.269 30
967.273 31
968.276 29
969.277 34
970.281 34
971.285 32
972.306 36
973.309 31
974.314 32
975.318 33
976.323 33
977.325 33
978.329 34
979.333 34
980.337 34
981.341 33
982.346 32
983.351 36
984.376 35
985.378 33
986.383 34
987.387 30
988.39 30
989.395 30
990.398 27
991.404 36
992.407 30
993.411 34
994.415 34
995.418 30
996.423 30
997.428 34
998.432 33
999.436 43
1000.44 49
1001.44 49
1002.45 52
1003.45 44
1004.46 50
1005.52 50
1006.56 47
1007.7 49
1008.7 31
1009.7 24
1010.71 35
1011.71 33
1012.72 30
1013.72 33
1014.72 33
1015.73 33
1016.73 34
1017.77 37
1018.78 32
1019.78 33
1020.78 32
1021.79 33
1022.79 35
1023.8 53
1024.8 52
1025.8 46
1026.81 43
1027.81 34
1028.81 28
1029.82 29
1030.82 33
1031.83 35
1032.83 32
1033.83 32
1034.84 32
1035.84 34
1036.85 34
1037.85 35
1038.85 36
1039.86 54
1040.86 52
1041.87 48
1042.87 52
1043.87 42
1044.88 50
1045.88 40
1046.89 39
1047.89 49
1048.89 46
1049.93 52
1050.94 45
1051.95 50
1052.95 51
1054.02 49
1055.09 50
1056.1 48
1057.23 50
1058.25 42
1059.25 38
1060.25 41
1061.25 45
1062.26 51
1063.26 48
1064.27 53
1065.27 46
1066.28 50
1067.28 50
1068.28 48
1069.29 43
1070.29 51
1071.3 43
1072.3 46
1073.3 45
1074.31 47
1075.31 53
1076.32 48
1077.39 53
1078.39 53
1079.39 54
1080.4 43
1081.4 36
1082.4 29
1083.41 33
1084.41 32
1085.44 37
1086.45 31
1087.45 32
1088.45 34
1089.46 34
1090.46 34
1091.46 26
1092.61 37
1093.61 27
1094.61 29
1095.62 31
1096.62 35
1097.63 34
1098.63 30
1099.63 32
1100.64 35
1101.65 36
1102.65 32
1103.65 34
1104.66 33
1105.66 33
1106.67 33
1107.67 34
1108.67 33
1109.68 34
1110.68 35
1111.88 36
1112.89 29
1113.89 32
1114.89 34
1115.89 29
1116.9 34
1117.9 35
1118.91 33
1119.91 34
1120.92 36
1121.92 36
1122.92 34
1123.93 33
1124.93 34
1125.93 35
1126.94 34
1127.94 33
1128.95 35
1129.95 35
1130.97 35
1132.06 34
1133.06 31
1134.06 31
1135.07 31
1136.07 34
1137.08 34
1138.08 29
1139.08 35
1140.09 34
1141.13 37
1142.14 31
1143.14 34
1144.14 34
1145.15 35
1146.15 34
1147.16 33
1148.16 34
1149.16 34
1150.17 34
1151.17 35
1152.18 36
1153.19 36
1154.19 31
1155.19 31
1156.2 28
1157.2 32
1158.21 34
1159.21 33
1160.21 36
1161.26 34
1162.26 32
1163.27 30
1164.27 34
1165.27 33
1166.28 34
1167.28 34
1168.29 34
1169.29 33
1170.29 34
1171.3 33
1172.3 36
1173.31 37
1174.31 32
1175.31 34
1176.32 33
1177.32 31
1178.33 29
1179.33 35
1180.33 30
1181.37 34
1182.45 34
1183.45 31
1184.45 34
1185.46 34
1186.46 34
1187.47 35
1188.47 34
1189.47 35
1190.48 34
1191.48 34
1192.49 35
1193.49 34
1194.49 37
1195.5 33
1196.5 34
1197.51 34
1198.51 33
1199.51 32
1200.52 33
