-0.597208 0
4.97702 0
5.97615 5
6.9765 40
7.97652 40
9.03257 41
10.0322 51
12.0333 70
13.165 21
14.2901 41
15.2882 53
16.2881 80
18.6637 80
19.6603 16
20.6601 58
21.6605 79
23.9992 79
24.9962 13
26.254 53
27.2521 39
28.2981 43
29.2963 39
30.2964 29
32.04 80
33.3228 28
34.6077 40
35.8756 40
36.8722 60
39.0902 79
40.0883 20
41.0882 29
42.0884 80
43.0882 79
45.1043 79
46.3764 16
47.3762 55
48.3763 72
50.5597 71
51.556 13
52.7749 52
53.7721 33
54.9843 46
55.9839 35
57.1383 42
58.1362 56
59.4215 77
60.42 23
61.5098 42
62.5081 37
63.5082 73
66.3578 73
67.3563 14
68.3563 71
69.3559 71
71.3983 75
72.3963 17
73.6394 38
74.6361 34
75.8011 46
76.7998 36
77.9039 41
78.904 56
80.2688 72
81.2682 22
82.328 42
83.3281 38
84.3283 72
86.0739 71
87.0718 36
88.4916 69
91.0165 36
92.0159 25
93.0158 69
94.6242 76
96.8661 23
97.8642 22
98.916 39
99.9161 53
100.916 71
103.411 71
104.408 14
105.67 44
106.669 35
107.668 50
108.668 71
110.584 73
111.58 16
112.838 45
113.836 55
114.847 68
117.209 58
118.295 16
119.292 55
120.292 60
122.751 68
123.748 15
124.97 46
125.968 34
127.102 46
128.1 35
129.1 46
130.1 71
131.1 62
134.432 69
135.432 16
136.885 71
137.884 25
139.011 40
140.008 34
141.008 70
142.008 59
144.088 65
145.088 17
146.088 69
147.088 58
148.088 40
150.468 56
151.468 17
152.583 38
153.58 35
154.667 46
155.663 37
156.664 46
157.868 72
158.868 27
159.868 29
161.108 47
162.108 57
163.108 57
165.26 70
166.26 18
167.26 46
168.26 70
169.259 58
170.95 59
171.948 29
172.948 68
176.37 54
177.368 13
178.505 39
179.504 55
180.504 60
182.874 71
183.871 15
184.872 69
185.872 58
188.064 69
189.064 15
190.064 43
191.133 43
192.132 33
193.366 42
194.364 34
195.364 70
197.24 53
198.24 21
199.291 36
200.288 57
201.288 59
203.652 70
204.651 17
205.696 39
206.696 35
207.696 32
208.695 47
209.695 29
210.696 71
212.012 43
213.236 25
214.235 38
215.235 30
216.235 70
217.236 58
219.38 69
220.379 17
221.38 45
222.38 66
223.38 61
225.156 55
226.155 14
227.156 36
228.155 41
229.175 35
230.172 48
231.171 27
232.182 70
234.003 54
235.003 31
236.004 58
237.003 67
240.091 52
241.087 14
242.15 38
243.187 56
244.187 59
246.652 54
247.651 16
248.651 48
249.651 57
252.122 68
253.119 16
254.119 35
255.218 48
256.215 36
257.323 38
258.319 34
259.319 70
261.413 54
262.411 21
263.44 37
264.527 54
265.523 61
267.898 52
268.895 16
269.957 45
270.956 36
271.994 37
272.991 35
274.045 33
275.043 65
276.43 49
277.63 25
278.883 38
279.883 39
280.883 58
281.926 69
283.837 39
285.021 18
286.019 48
287.019 57
289.42 68
290.419 17
291.542 38
292.539 36
293.568 32
294.758 48
295.755 36
296.755 58
298.577 69
299.834 21
300.832 37
301.832 57
302.853 67
305.001 46
305.999 15
307.143 46
308.139 37
309.139 28
310.14 43
311.139 31
312.139 68
313.666 50
314.663 23
315.663 31
316.663 36
317.663 41
318.663 37
319.663 41
320.689 42
321.687 10
322.687 33
323.687 39
324.687 31
325.688 37
326.687 33
327.687 41
328.692 43
329.691 36
330.697 42
331.761 30
332.76 24
333.759 33
334.76 36
335.759 35
336.759 38
337.759 49
338.759 48
340.372 58
341.51 23
342.507 38
343.507 50
344.507 51
345.507 37
346.917 40
347.915 18
348.915 34
349.948 38
350.948 34
351.947 34
352.948 36
353.947 41
354.948 37
355.948 42
356.947 35
357.973 16
358.971 38
359.972 32
360.98 35
361.979 36
362.979 33
363.979 40
364.979 37
365.979 41
367.2 40
368.2 24
369.199 41
370.199 36
371.199 40
372.199 37
373.2 18
374.26 41
375.259 36
376.276 26
377.275 36
378.275 34
379.275 40
380.275 36
381.275 40
382.275 36
383.275 17
384.281 40
385.279 34
386.279 29
387.309 35
388.308 35
389.308 37
390.306 37
391.307 40
392.318 35
393.704 34
394.708 28
395.707 27
396.706 37
397.706 34
398.707 35
399.707 36
400.706 39
401.708 35
402.707 40
403.707 34
404.706 20
405.707 34
406.707 36
407.706 36
408.706 33
409.706 34
410.706 39
411.706 36
412.706 40
414.021 35
415.019 28
416.019 37
417.018 36
418.02 38
419.018 35
420.018 37
421.019 38
422.122 39
423.125 10
424.123 36
425.124 34
426.124 34
427.123 37
428.123 39
429.124 36
430.124 38
431.122 22
432.123 39
433.123 28
434.146 35
435.143 33
436.143 34
437.142 34
438.142 39
439.163 40
440.163 34
441.666 39
442.666 27
443.667 48
444.666 46
445.666 41
446.666 35
447.666 38
448.763 39
450.387 32
451.387 19
452.386 34
453.387 35
454.386 38
455.386 34
456.387 38
457.389 34
458.386 26
459.412 37
460.41 28
461.411 33
462.41 34
463.41 32
464.41 38
465.435 40
466.435 35
467.455 40
468.455 24
469.458 31
470.454 35
471.455 34
472.454 35
473.455 33
474.455 35
475.454 36
476.46 34
477.46 37
478.458 31
479.459 36
480.459 38
481.459 32
482.459 37
483.458 34
484.458 38
485.465 35
486.463 31
487.464 36
488.462 13
489.462 34
490.462 37
491.465 39
492.463 33
493.468 38
494.466 31
495.466 34
496.466 36
497.752 31
498.75 26
499.75 33
500.751 33
501.752 33
502.75 34
503.751 36
504.75 33
505.752 35
506.775 32
507.774 29
508.774 36
509.853 38
510.851 31
511.85 38
512.851 32
513.871 37
514.87 31
515.87 36
516.87 32
517.87 25
518.87 38
519.892 37
520.903 39
521.903 36
522.902 35
523.903 34
524.902 33
525.902 36
526.902 27
527.909 35
528.907 34
529.906 35
530.906 33
531.906 39
532.906 29
533.907 30
534.906 32
535.906 35
536.906 28
537.916 36
538.914 33
539.915 33
540.914 32
541.914 36
542.915 30
543.914 32
544.914 31
545.914 35
546.914 32
547.915 28
548.914 34
549.914 35
550.914 32
551.914 34
552.914 32
553.914 33
554.915 33
555.914 33
556.918 36
557.919 32
558.918 29
559.923 33
560.922 34
561.924 33
562.922 32
563.923 32
564.922 33
565.923 36
566.922 26
567.922 32
568.923 35
569.924 29
570.922 32
571.922 33
572.922 32
573.923 34
574.922 32
575.923 31
576.922 27
577.923 31
578.922 33
579.945 34
580.943 30
581.942 32
582.942 32
583.943 31
584.942 32
585.942 34
586.958 31
587.958 31
588.958 31
589.958 28
590.959 31
591.959 32
592.961 31
593.959 33
594.958 32
595.958 32
596.958 30
597.958 31
598.958 31
599.958 32
600.958 33
601.958 27
602.958 30
603.958 29
604.959 30
605.959 31
606.958 31
607.959 33
608.958 32
609.957 31
610.959 32
611.959 31
612.957 32
613.984 33
614.982 39
615.982 46
616.982 38
617.982 46
618.982 39
619.982 41
620.981 47
622.009 46
623.005 42
624.005 45
625.006 45
626.006 48
627.005 19
628.005 48
629.006 39
630.006 39
631.005 36
632.006 40
633.006 36
634.005 39
635.005 36
636.005 48
637.006 43
638.005 29
639.005 31
640.005 31
641.006 32
642.006 33
643.006 30
644.006 32
645.006 28
646.005 33
647.086 34
648.085 29
649.087 30
650.086 31
651.093 33
652.09 29
653.09 31
654.09 31
655.091 29
656.179 32
657.178 25
658.179 24
659.179 27
660.177 27
661.219 32
662.218 27
663.219 31
664.217 31
665.243 32
666.243 30
667.242 30
668.242 31
669.242 31
670.242 30
671.242 30
672.241 30
673.241 27
674.241 30
675.243 27
676.242 30
677.242 29
678.241 30
679.242 30
680.241 31
681.241 30
682.241 31
683.277 32
684.277 28
685.278 30
686.278 29
687.277 30
688.277 25
689.277 29
690.277 30
691.348 33
692.346 26
693.345 26
694.347 30
695.347 30
696.345 32
697.345 31
698.345 30
699.346 31
700.346 31
701.347 31
702.346 30
703.345 31
704.394 32
705.394 31
706.393 28
707.394 31
708.393 28
709.395 26
710.393 31
711.393 29
712.393 31
713.393 30
714.393 30
715.393 29
716.393 31
717.395 31
718.393 30
719.394 30
720.393 31
721.393 29
722.394 28
723.393 30
724.394 32
725.393 29
726.393 30
727.394 30
728.395 31
729.394 25
730.394 23
731.393 32
732.396 30
733.393 30
734.393 30
735.394 31
736.395 26
737.394 29
738.394 29
739.393 31
740.394 31
741.394 27
742.393 31
743.394 31
744.394 31
745.394 29
746.393 30
747.393 31
748.393 30
749.394 30
750.393 25
751.393 26
752.393 28
753.433 27
754.442 30
755.441 30
756.443 28
757.441 27
758.441 30
759.443 31
760.442 31
761.441 30
762.442 30
763.442 30
764.441 30
765.441 25
766.449 31
767.45 29
768.449 30
769.45 29
770.449 30
771.451 29
772.449 25
773.449 25
774.57 31
775.569 26
776.57 27
777.571 30
778.57 27
779.569 28
780.569 29
781.569 30
782.57 31
783.569 31
784.569 31
785.569 32
786.57 30
787.569 29
788.57 29
789.569 31
790.57 27
791.57 26
792.57 30
793.569 31
794.725 32
795.725 23
796.726 30
797.726 29
798.725 35
799.726 29
800.725 29
801.725 30
802.726 29
803.725 29
804.725 29
805.726 29
806.725 29
807.725 29
808.763 30
809.761 28
810.761 29
811.762 28
812.761 29
813.761 28
814.762 26
815.761 26
816.798 31
817.798 27
818.799 27
819.798 30
820.797 28
821.797 30
822.797 31
823.797 33
824.797 30
825.815 32
826.813 28
827.814 28
828.814 29
829.813 29
830.815 29
831.813 30
832.813 29
833.813 26
834.813 29
835.813 29
836.814 26
837.814 29
838.813 28
839.814 26
840.813 28
841.824 31
842.82 27
843.821 30
844.82 31
845.821 30
846.868 32
847.865 28
848.866 29
849.865 29
850.865 29
851.865 29
852.865 28
853.868 25
854.905 32
855.905 25
856.904 26
857.906 29
858.906 28
859.905 30
860.905 28
861.906 27
862.905 28
863.904 30
864.905 29
865.904 30
866.906 29
867.905 30
868.905 28
869.905 29
870.905 29
871.905 30
872.909 31
873.909 28
874.908 28
875.908 26
876.909 30
877.909 26
878.909 29
879.909 29
880.999 30
881.997 26
882.998 29
883.997 28
884.997 30
886.001 30
887.001 30
888.002 30
889.001 29
890 29
891 32
892.002 28
893.001 29
894 29
895.001 28
896.001 29
897.001 27
898 27
899 30
900.013 31
901.014 29
902.013 26
903.013 30
904.013 27
905.014 27
906.014 28
907.012 30
908.015 31
909.012 29
910.014 29
911.012 30
912.013 30
913.012 28
914.012 29
915.013 40
916.016 44
917.02 39
918.02 35
919.07 45
920.072 32
921.077 41
922.081 36
923.085 41
924.089 43
925.094 44
926.097 39
927.101 45
928.105 38
929.109 43
930.113 43
931.118 41
932.13 45
933.134 42
934.138 41
935.142 30
936.146 28
937.15 29
938.154 28
939.158 29
940.164 28
941.166 29
942.17 29
943.174 28
944.179 22
945.183 29
946.188 23
947.192 21
948.195 29
949.199 28
950.203 26
951.208 28
952.212 25
953.215 28
954.219 28
955.224 29
956.228 28
957.232 29
958.235 29
959.24 28
960.244 28
961.248 29
962.252 30
963.26 30
964.262 29
965.265 27
966.269 26
967.273 27
968.276 26
969.277 29
970.281 28
971.285 26
972.306 29
973.309 29
974.314 27
975.318 28
976.323 29
977.325 28
978.329 29
979.333 29
980.337 29
981.341 28
982.346 27
983.351 30
984.376 29
985.378 29
986.383 28
987.387 28
988.39 26
989.395 25
990.398 23
991.404 31
992.407 24
993.411 28
994.415 29
995.418 26
996.423 25
997.428 30
998.432 28
999.436 35
1000.44 43
1001.44 42
1002.45 42
1003.45 39
1004.46 41
1005.52 41
1006.56 39
1007.7 42
1008.7 27
1009.7 22
1010.71 29
1011.71 28
1012.72 25
1013.72 27
1014.72 28
1015.73 28
1016.73 29
1017.77 31
1018.78 27
1019.78 28
1020.78 27
1021.79 28
1022.79 31
1023.8 45
1024.8 43
1025.8 40
1026.81 35
1027.81 29
1028.81 24
1029.82 25
1030.82 28
1031.83 29
1032.83 28
1033.83 28
1034.84 27
1035.84 28
1036.85 28
1037.85 29
1038.85 31
1039.86 45
1040.86 45
1041.87 41
1042.87 42
1043.87 36
1044.88 42
1045.88 34
1046.89 32
1047.89 42
1048.89 39
1049.93 43
1050.94 37
1051.95 42
1052.95 43
1054.02 42
1055.09 42
1056.1 41
1057.23 43
1058.25 35
1059.25 32
1060.25 34
1061.25 38
1062.26 41
1063.26 42
1064.27 43
1065.27 40
1066.28 41
1067.28 42
1068.28 41
1069.29 38
1070.29 42
1071.3 34
1072.3 40
1073.3 36
1074.31 40
1075.31 42
1076.32 42
1077.39 44
1078.39 45
1079.39 43
1080.4 41
1081.4 28
1082.4 23
1083.41 26
1084.41 28
1085.44 30
1086.45 26
1087.45 28
1088.45 28
1089.46 29
1090.46 27
1091.46 23
1092.61 29
1093.61 23
1094.61 24
1095.62 25
1096.62 29
1097.63 27
1098.63 25
1099.63 27
1100.64 27
1101.65 29
1102.65 26
1103.65 28
1104.66 28
1105.66 27
1106.67 27
1107.67 28
1108.67 28
1109.68 27
1110.68 28
1111.88 29
1112.89 24
1113.89 26
1114.89 28
1115.89 25
1116.9 28
1117.9 29
1118.91 26
1119.91 27
1120.92 30
1121.92 28
1122.92 29
1123.93 28
1124.93 29
1125.93 27
1126.94 28
1127.94 28
1128.95 27
1129.95 28
1130.97 28
1132.06 29
1133.06 25
1134.06 25
1135.07 26
1136.07 27
1137.08 29
1138.08 24
1139.08 28
1140.09 28
1141.13 29
1142.14 25
1143.14 27
1144.14 29
1145.15 29
1146.15 28
1147.16 29
1148.16 28
1149.16 27
1150.17 29
1151.17 28
1152.18 29
1153.19 29
1154.19 27
1155.19 25
1156.2 25
1157.2 27
1158.21 28
1159.21 26
1160.21 28
1161.26 30
1162.26 25
1163.27 26
1164.27 27
1165.27 27
1166.28 29
1167.28 28
1168.29 27
1169.29 26
1170.29 29
1171.3 28
1172.3 29
1173.31 29
1174.31 27
1175.31 28
1176.32 28
1177.32 26
1178.33 24
1179.33 27
1180.33 25
1181.37 29
1182.45 28
1183.45 26
1184.45 27
1185.46 27
1186.46 28
1187.47 27
1188.47 28
1189.47 27
1190.48 30
1191.48 28
1192.49 27
1193.49 28
1194.49 29
1195.5 27
1196.5 28
1197.51 28
1198.51 28
1199.51 26
1200.52 26
