314.663 0
315.663 1
316.663 0
317.663 2
318.663 4
319.663 2
320.689 4
321.687 0
322.687 2
323.687 2
324.687 1
325.688 0
326.687 1
327.687 2
328.692 4
329.691 1
330.697 3
331.761 0
332.76 1
333.759 1
334.76 0
335.759 0
336.759 0
337.759 3
338.759 1
340.372 3
341.51 1
342.507 2
343.507 4
344.507 2
345.507 4
346.917 1
347.915 0
348.915 2
349.948 2
350.948 0
351.947 1
352.948 1
353.947 4
354.948 1
355.948 3
356.947 1
357.973 2
358.971 1
359.972 0
360.98 1
361.979 2
362.979 0
363.979 2
364.979 4
365.979 2
367.2 3
368.2 1
369.199 3
370.199 1
371.199 3
372.199 1
373.2 2
374.26 4
375.259 2
376.276 3
377.275 1
378.275 1
379.275 3
380.275 1
381.275 3
382.275 1
383.275 2
384.281 4
385.279 1
386.279 1
387.309 1
388.308 0
389.308 2
390.306 4
391.307 2
392.318 4
393.704 2
394.708 4
395.707 1
396.706 1
397.707 1
398.707 0
399.707 1
400.706 3
401.708 1
402.707 3
403.707 1
404.706 0
405.707 2
406.707 2
407.706 2
408.706 1
409.706 1
410.706 3
411.706 1
412.706 3
414.021 0
415.019 2
416.019 4
417.018 1
418.02 4
419.018 1
420.018 3
421.019 2
422.122 4
423.125 0
424.123 2
425.124 1
426.124 1
427.123 1
428.123 3
429.124 1
430.124 3
431.122 4
432.123 2
433.123 1
434.146 1
435.143 0
436.143 0
437.142 0
438.142 2
439.163 4
440.163 2
441.666 4
442.666 1
443.667 2
444.666 4
445.666 3
446.666 5
447.666 2
448.763 4
450.387 1
451.387 2
452.386 1
453.387 1
454.386 3
455.386 1
456.387 3
457.389 0
458.386 2
459.412 4
460.41 1
461.411 0
462.41 0
463.41 2
464.41 2
465.435 5
466.435 2
467.455 4
468.455 1
469.458 0
470.454 2
471.455 1
472.454 1
473.455 1
474.455 1
475.454 3
476.46 0
477.46 3
478.458 5
479.459 1
480.459 3
481.459 5
482.459 3
483.458 5
484.458 2
485.465 5
486.463 2
487.464 4
488.462 5
489.462 2
490.462 2
491.465 5
492.463 2
493.468 5
494.466 2
495.466 1
496.466 3
497.752 0
498.75 2
499.75 2
500.751 1
501.752 1
502.75 1
503.751 3
504.75 5
505.752 3
506.775 5
507.774 2
508.774 2
509.854 5
510.851 2
511.85 5
512.851 2
513.871 5
514.87 2
515.87 5
516.87 2
517.87 1
518.87 1
519.892 1
520.903 3
521.903 1
522.902 1
523.903 3
524.902 5
525.902 3
526.902 5
527.909 3
528.907 2
529.906 5
530.907 2
531.906 5
532.906 2
533.907 4
534.906 1
535.906 3
536.906 5
537.916 3
538.914 2
539.915 5
540.914 2
541.914 4
542.915 1
543.914 4
544.914 1
545.914 3
546.914 6
547.915 2
548.914 2
549.914 2
550.914 2
551.914 1
552.914 1
553.914 0
554.915 0
555.914 3
556.918 3
557.919 1
558.918 0
559.923 0
560.922 3
561.924 3
562.922 2
563.923 2
564.922 2
565.923 2
566.922 1
567.922 0
568.923 1
569.924 0
570.922 3
571.922 3
572.922 3
573.923 2
574.922 2
575.923 2
576.922 1
577.923 1
578.922 3
579.945 3
580.943 1
581.942 1
582.942 1
583.943 0
584.942 3
585.942 3
586.958 3
587.958 2
588.958 2
589.958 1
590.959 1
591.959 0
592.961 0
593.959 2
594.958 2
595.958 1
596.958 1
597.958 0
598.958 3
599.958 3
600.958 3
601.958 2
602.958 2
603.958 1
604.959 1
605.959 0
606.958 3
607.959 1
608.958 1
609.957 1
610.959 0
611.959 0
612.957 3
613.984 3
614.982 4
615.982 1
616.982 1
617.982 2
618.982 2
619.982 3
620.982 3
622.009 4
623.005 4
624.006 4
625.006 4
626.006 5
627.005 7
628.005 4
629.006 1
630.006 3
631.005 2
632.006 1
633.006 1
634.005 2
635.005 1
636.005 6
637.006 3
638.005 5
639.005 3
640.005 6
641.006 2
642.006 5
643.006 1
644.006 4
645.006 7
646.005 3
647.086 7
648.085 3
649.087 1
650.086 4
651.093 3
652.09 3
653.09 2
654.09 1
655.091 0
656.179 3
657.178 3
658.179 2
659.179 1
660.177 3
661.219 3
662.218 1
663.219 0
664.217 3
665.243 3
666.243 3
667.242 2
668.242 2
669.242 2
670.242 1
671.242 1
672.241 1
673.241 3
674.241 3
675.243 2
676.242 2
677.242 1
678.241 1
679.242 1
680.241 0
681.241 3
682.241 3
683.277 3
684.277 3
685.278 2
686.278 2
687.277 2
688.277 1
689.277 0
690.277 3
691.348 3
692.346 3
693.345 2
694.347 2
695.347 1
696.345 1
697.345 1
698.345 1
699.346 1
700.346 0
701.347 0
702.346 0
703.345 3
704.394 3
705.394 3
706.393 2
707.394 2
708.393 2
709.395 1
710.393 0
711.393 3
712.393 3
713.393 3
714.393 2
715.393 2
716.393 2
717.395 1
718.393 2
719.394 2
720.393 1
721.393 1
722.394 0
723.393 3
724.394 3
725.393 3
726.393 2
727.394 2
728.395 2
729.394 1
730.394 3
731.393 3
732.396 3
733.393 3
734.393 2
735.394 2
736.395 1
737.394 1
738.394 1
739.393 2
740.394 2
741.394 1
742.394 1
743.394 1
744.394 1
745.394 0
746.393 3
747.393 3
748.393 3
749.394 2
750.393 1
751.393 1
752.393 0
753.433 3
754.442 3
755.441 3
756.443 2
757.441 2
758.441 2
759.443 1
760.442 2
761.441 2
762.442 1
763.442 1
764.441 1
765.441 3
766.449 3
767.45 3
768.449 2
769.45 2
770.449 2
771.451 1
772.449 1
773.449 3
774.57 3
775.569 3
776.57 2
777.571 2
778.57 1
779.569 1
780.569 1
781.569 0
782.57 3
783.569 3
784.569 3
785.569 3
786.57 3
787.569 3
788.57 2
789.569 2
790.57 1
791.57 1
792.57 0
793.569 3
794.725 3
795.725 3
796.726 2
797.726 2
798.725 2
799.726 2
800.725 2
801.725 1
802.726 2
803.725 1
804.725 1
805.726 1
806.725 0
807.725 3
808.763 3
809.761 3
810.761 3
811.762 2
812.761 2
813.761 1
814.762 0
815.761 3
816.798 3
817.798 3
818.799 2
819.798 2
820.797 2
821.797 1
822.797 0
823.797 0
824.797 3
825.815 3
826.813 3
827.814 3
828.814 2
829.813 2
830.815 1
831.813 1
832.813 1
833.813 3
834.813 3
835.813 3
836.814 2
837.814 2
838.813 1
839.814 1
840.813 3
841.824 3
842.82 0
843.821 3
844.82 3
845.821 3
846.868 3
847.865 3
848.866 3
849.865 2
850.865 2
851.865 1
852.865 1
853.868 0
854.905 3
855.905 3
856.904 2
857.906 2
858.906 2
859.905 1
860.905 1
861.906 0
862.906 4
863.904 3
864.905 2
865.904 1
866.906 1
867.905 1
868.905 1
869.905 0
870.905 4
871.905 3
872.909 3
873.909 3
874.909 2
875.908 2
876.909 1
877.909 1
878.909 0
879.909 4
880.999 3
881.997 3
882.998 2
883.997 2
884.997 2
886.001 1
887.001 1
888.002 0
889.001 0
890 3
891 3
892.002 3
893.001 3
894 2
895.001 2
896.001 1
897.001 1
898 4
899 3
900.013 3
901.014 3
902.013 2
903.013 2
904.013 1
905.014 1
906.014 0
907.012 3
908.015 3
909.012 3
910.014 2
911.012 2
912.013 2
913.013 2
914.012 1
915.013 2
916.016 3
917.02 4
918.02 4
919.07 4
920.072 4
921.077 5
922.081 4
923.085 4
924.089 5
925.094 4
926.097 8
927.101 6
928.106 3
929.109 8
930.113 5
931.118 2
932.13 7
933.134 4
934.138 8
935.142 4
936.146 7
937.15 1
938.154 5
939.158 3
940.164 2
941.166 5
942.17 3
943.174 2
944.179 5
945.183 4
946.188 2
947.192 0
948.195 4
949.199 3
950.203 3
951.208 2
952.212 1
953.215 0
954.219 0
955.224 1
956.228 1
957.232 1
958.236 1
959.24 1
960.244 0
961.248 0
962.252 3
963.26 4
964.262 3
965.265 3
966.269 2
967.273 2
968.276 1
969.277 1
970.281 1
971.285 4
972.306 4
973.309 3
974.314 3
975.318 2
976.323 2
977.325 2
978.329 2
979.333 1
980.337 1
981.341 1
982.346 0
983.351 4
984.376 4
985.378 3
986.383 3
987.387 2
988.39 2
989.395 1
990.398 4
991.404 3
992.407 3
993.411 3
994.415 2
995.418 2
996.423 1
997.428 1
998.432 1
999.436 3
1000.44 4
1001.44 2
1002.45 3
1003.45 3
1004.46 4
1005.52 4
1006.56 5
1007.7 5
1008.7 4
1009.7 1
1010.71 5
1011.71 3
1012.72 2
1013.72 1
1014.72 4
1015.73 1
1016.73 4
1017.77 4
1018.78 3
1019.78 3
1020.78 2
1021.79 1
1022.79 1
1023.8 3
1024.8 4
1025.8 1
1026.81 5
1027.81 4
1028.81 2
1029.82 1
1030.82 4
1031.83 3
1032.83 3
1033.83 2
1034.84 1
1035.84 2
1036.85 2
1037.85 1
1038.85 1
1039.86 3
1040.86 4
1041.87 1
1042.87 2
1043.87 1
1044.88 2
1045.88 1
1046.89 5
1047.89 5
1048.89 4
1049.93 5
1050.94 5
1051.95 5
1052.95 5
1054.02 5
1055.09 5
1056.1 5
1057.23 5
1058.25 5
1059.25 3
1060.25 2
1061.25 2
1062.26 2
1063.26 1
1064.27 3
1065.27 3
1066.28 3
1067.28 3
1068.28 2
1069.29 1
1070.29 1
1071.3 5
1072.3 5
1073.3 4
1074.31 3
1075.31 5
1076.32 5
1077.39 5
1078.39 5
1079.39 5
1080.4 1
1081.4 5
1082.4 8
1083.41 3
1084.41 1
1085.45 4
1086.45 3
1087.45 1
1088.45 5
1089.46 4
1090.46 3
1091.46 1
1092.61 4
1093.61 3
1094.61 2
1095.62 1
1096.62 4
1097.63 4
1098.63 2
1099.63 0
1100.64 4
1101.65 4
1102.65 3
1103.65 3
1104.66 2
1105.66 2
1106.67 1
1107.67 1
1108.67 0
1109.68 0
1110.68 4
1111.88 4
1112.89 3
1113.89 3
1114.89 2
1115.89 2
1116.9 1
1117.9 1
1118.91 1
1119.91 0
1120.92 0
1121.92 3
1122.92 3
1123.93 2
1124.93 2
1125.93 2
1126.94 1
1127.94 1
1128.95 1
1129.95 0
1130.97 4
1132.06 3
1133.06 3
1134.06 2
1135.07 2
1136.07 2
1137.08 1
1138.08 0
1139.08 4
1140.09 4
1141.13 3
1142.14 3
1143.14 3
1144.14 2
1145.15 2
1146.15 2
1147.16 1
1148.16 1
1149.16 1
1150.17 0
1151.17 4
1152.18 4
1153.19 4
1154.19 3
1155.19 2
1156.2 1
1157.2 1
1158.21 1
1159.21 4
1160.21 4
1161.26 3
1162.26 3
1163.27 2
1164.27 2
1165.27 1
1166.28 2
1167.28 1
1168.29 1
1169.29 1
1170.29 0
1171.3 0
1172.3 3
1173.31 4
1174.31 3
1175.31 3
1176.32 2
1177.32 2
1178.33 1
1179.33 1
1180.33 4
1181.37 3
1182.45 3
1183.45 3
1184.45 3
1185.46 2
1186.46 2
1187.47 2
1188.47 1
1189.47 1
1190.48 1
1191.48 0
1192.49 4
1193.49 3
1194.49 3
1195.5 3
1196.5 3
1197.51 2
1198.51 2
1199.51 1
