2.0	200.47
4.0	225.587
6.0	212.51
8.0	223.181
10.0	213.213
12.0	237.499
14.0	227.745
16.0	206.874
18.0	250.378
20.0	217.585
22.0	229.307
24.0	245.773
26.0	229.924
28.0	230.755
30.0	223.294
32.0	236.464
34.0	227.665
36.0	220.294
38.0	243.415
40.0	226.836
42.0	214.115
44.0	249.449
46.0	216.339
48.0	205.627
50.0	243.887
52.0	220.91
54.0	219.298
56.0	216.868
58.0	219.104
60.0	225.678
62.0	212.718
64.0	211.701
66.0	234.527
68.0	206.57
70.0	234.151
72.0	222.403
74.0	217.907
76.0	220.066
78.0	215.644
80.0	228.137
82.0	222.301
84.0	201.642
86.0	217.533
88.0	213.108
90.0	233.541
92.0	199.489
94.0	235.041
96.0	221.534
98.0	218.227
100.0	197.583
102.0	238.241
104.0	221.269
106.0	215.044
108.0	204.227
110.0	235.97
112.0	219.103
114.0	201.922
116.0	235.854
118.0	220.28
120.0	195.169
122.0	241.769
124.0	219.482
126.0	216.175
128.0	218.669
130.0	200.303
132.0	221.176
134.0	236.337
136.0	223.025
138.0	215.074
140.0	208.558
142.0	213.001
144.0	235.871
146.0	195.851
148.0	213.519
150.0	240.495
152.0	220.433
154.0	220.928
156.0	215.047
158.0	223.146
160.0	217.862
162.0	205.364
164.0	229.688
166.0	218.884
168.0	198.938
170.0	223.746
172.0	200.526
174.0	224.511
176.0	236.356
178.0	216.671
180.0	199.429
182.0	244.448
184.0	206.619
186.0	211.675
188.0	233.087
190.0	215.11
192.0	216.664
194.0	214.308
196.0	219.097
198.0	218.445
200.0	205.575
202.0	223.525
204.0	226.977
206.0	217.579
208.0	218.639
210.0	209.969
212.0	228.428
214.0	217.015
216.0	201.903
218.0	226.265
220.0	219.717
222.0	197.292
224.0	232.455
226.0	216.861
228.0	216.581
230.0	216.928
232.0	205.581
234.0	225.265
236.0	196.932
238.0	227.241
240.0	233.144
242.0	210.35
244.0	200.561
246.0	237.023
248.0	206.441
250.0	205.679
252.0	237.381
254.0	216.136
256.0	218.969
258.0	210.937
260.0	217.166
262.0	225.096
264.0	205.996
266.0	214.748
268.0	230.057
270.0	216.536
272.0	216.03
274.0	209.327
276.0	225.259
278.0	221.293
280.0	207.164
282.0	214.748
284.0	232.554
286.0	205.008
288.0	226.343
290.0	224.166
292.0	214.849
294.0	215.155
296.0	203.511
298.0	228.967
300.0	211.348
302.0	198.018
304.0	235.815
306.0	214.924
308.0	214.709
310.0	216.768
312.0	205.729
314.0	226.355
316.0	180.499
318.0	178.755
320.0	179.364
322.0	204.353
324.0	185.76
326.0	184.633
328.0	177.784
330.0	180.833
332.0	205.288
334.0	191.022
336.0	196.793
338.0	198.978
340.0	219.28
342.0	204.856
344.0	191.936
346.0	210.049
348.0	188.319
350.0	186.805
352.0	188.207
354.0	181.913
356.0	180.862
358.0	201.201
360.0	184.497
362.0	186.725
364.0	176.9
366.0	189.063
368.0	193.27
370.0	180.189
372.0	193.341
374.0	185.101
376.0	192.186
378.0	184.849
380.0	178.201
382.0	185.088
384.0	194.91
386.0	187.535
388.0	183.546
390.0	176.749
392.0	183.172
394.0	192.404
396.0	187.919
398.0	181.198
400.0	181.092
402.0	180.508
404.0	195.8
406.0	185.814
408.0	183.035
410.0	179.965
412.0	180.661
414.0	193.92
416.0	177.386
418.0	177.747
420.0	178.136
422.0	194.219
424.0	191.401
426.0	181.812
428.0	178.166
430.0	186.457
432.0	191.088
434.0	184.398
436.0	182.135
438.0	180.431
440.0	178.225
442.0	207.351
444.0	187.448
446.0	179.722
448.0	180.58
450.0	208.044
452.0	183.079
454.0	175.517
456.0	179.277
458.0	191.541
460.0	182.755
462.0	181.229
464.0	179.229
466.0	180.135
468.0	186.45
470.0	184.035
472.0	183.369
474.0	181.117
476.0	176.213
478.0	177.981
480.0	176.234
482.0	178.726
484.0	177.615
486.0	180.801
488.0	204.038
490.0	178.238
492.0	175.341
494.0	177.961
496.0	176.394
498.0	185.68
500.0	180.434
502.0	178.21
504.0	174.013
506.0	182.191
508.0	179.575
510.0	177.407
512.0	175.714
514.0	177.376
516.0	177.426
518.0	206.202
520.0	194.539
522.0	194.928
524.0	175.315
526.0	183.598
528.0	175.126
530.0	176.346
532.0	175.788
534.0	181.605
536.0	184.446
538.0	175.09
540.0	175.813
542.0	177.402
544.0	180.331
546.0	177.275
548.0	179.455
550.0	175.669
552.0	174.975
554.0	177.91
556.0	175.796
558.0	174.661
560.0	176.398
562.0	178.031
564.0	176.789
566.0	175.533
568.0	177.8
570.0	172.716
572.0	174.205
574.0	174.591
576.0	183.752
578.0	172.482
580.0	173.786
582.0	174.403
584.0	172.707
586.0	174.332
588.0	172.845
590.0	174.681
592.0	175.414
594.0	173.787
596.0	175.533
598.0	175.367
600.0	173.221
602.0	174.525
604.0	180.511
606.0	173.408
608.0	175.166
610.0	174.559
612.0	174.666
614.0	178.665
616.0	198.219
618.0	196.912
620.0	198.939
622.0	190.237
624.0	198.264
626.0	206.1
628.0	200.719
630.0	202.412
632.0	200.564
634.0	200.061
636.0	196.536
638.0	191.58
640.0	175.108
642.0	172.526
644.0	174.45
646.0	173.951
648.0	176.239
650.0	174.342
652.0	172.162
654.0	173.687
656.0	180.544
658.0	181.451
660.0	174.709
662.0	174.245
664.0	174.509
666.0	173.717
668.0	173.649
670.0	173.07
672.0	175.385
674.0	176.214
676.0	174.857
678.0	169.675
680.0	176.362
682.0	173.168
684.0	175.18
686.0	169.958
688.0	181.69
690.0	173.805
692.0	183.805
694.0	174.109
696.0	176.033
698.0	176.058
700.0	170.196
702.0	154.125
704.0	154.775
706.0	153.787
708.0	152.515
710.0	156.932
712.0	156.74
714.0	162.832
716.0	164.01
718.0	161.849
720.0	166.737
722.0	169.183
724.0	157.431
726.0	165.073
728.0	163.577
730.0	154.811
732.0	153.688
734.0	157.528
736.0	153.354
738.0	156.541
740.0	161.394
742.0	165.182
744.0	162.379
746.0	163.172
748.0	163.427
750.0	154.92
752.0	155.692
754.0	154.174
756.0	153.812
758.0	152.648
760.0	158.784
762.0	164.037
764.0	164.736
766.0	157.316
768.0	157.15
770.0	160.942
772.0	164.475
774.0	154.066
776.0	154.301
778.0	153.438
780.0	153.182
782.0	152.223
784.0	157.345
786.0	162.574
788.0	157.437
790.0	166.845
792.0	152.449
794.0	159.866
796.0	152.309
798.0	67.893
800.0	174.173
802.0	175.911
804.0	171.963
806.0	173.931
808.0	173.098
810.0	175.656
812.0	175.711
814.0	177.483
816.0	173.807
818.0	133.594
820.0	137.315
822.0	78.414
824.0	114.045
826.0	173.045
828.0	175.083
830.0	172.497
832.0	173.663
834.0	176.953
836.0	182.106
838.0	175.902
840.0	179.778
842.0	152.771
844.0	141.135
846.0	143.065
848.0	157.041
850.0	156.606
852.0	168.514
854.0	144.183
856.0	140.843
858.0	154.177
860.0	160.888
862.0	151.787
864.0	152.041
866.0	167.089
868.0	158.199
870.0	159.526
872.0	162.23
874.0	154.01
876.0	152.373
878.0	154.475
880.0	153.016
882.0	147.839
884.0	160.399
886.0	159.766
888.0	161.131
890.0	156.981
892.0	158.653
894.0	155.426
896.0	165.449
898.0	147.734
900.0	155.151
902.0	149.715
904.0	152.206
906.0	149.856
908.0	158.356
910.0	162.812
912.0	159.829
914.0	162.521
916.0	196.978
918.0	198.962
920.0	198.3
922.0	198.08
924.0	190.416
926.0	185.077
928.0	188.555
930.0	187.043
932.0	193.457
934.0	187.303
936.0	174.661
938.0	174.327
940.0	172.006
942.0	168.513
944.0	180.535
946.0	183.953
948.0	178.767
950.0	176.399
952.0	173.674
954.0	177.228
956.0	173.145
958.0	168.919
960.0	140.265
962.0	139.155
964.0	140.976
966.0	147.691
968.0	147.848
970.0	152.337
972.0	146.349
974.0	156.492
976.0	156.177
978.0	154.926
980.0	155.098
982.0	153.666
984.0	155.404
986.0	154.589
988.0	151.778
990.0	139.254
992.0	139.327
994.0	152.498
996.0	139.748
998.0	165.431
1000.0	181.635
1002.0	180.643
1004.0	192.412
1006.0	192.98
1008.0	191.019
1010.0	180.668
1012.0	174.1
1014.0	170.272
1016.0	173.512
1018.0	171.579
1020.0	172.381
1022.0	172.509
1024.0	141.995
1026.0	197.222
1028.0	176.938
1030.0	177.147
1032.0	173.413
1034.0	174.382
1036.0	158.257
1038.0	146.398
1040.0	175.558
1042.0	194.389
1044.0	197.905
1046.0	202.626
1048.0	195.494
1050.0	198.859
1052.0	193.376
1054.0	194.274
1056.0	191.29
1058.0	200.002
1060.0	199.507
1062.0	192.623
1064.0	191.252
1066.0	192.87
1068.0	189.632
1070.0	199.206
1072.0	201.961
1074.0	195.72
1076.0	193.989
1078.0	195.984
1080.0	188.689
1082.0	179.717
1084.0	172.281
1086.0	165.473
1088.0	173.39
1090.0	169.579
1092.0	186.093
1094.0	178.663
1096.0	176.836
1098.0	177.266
1100.0	170.208
1102.0	172.201
1104.0	174.323
1106.0	174.619
1108.0	174.104
1110.0	174.782
1112.0	155.554
1114.0	142.09
1116.0	136.522
1118.0	133.345
1120.0	107.23
1122.0	173.783
1124.0	159.632
1126.0	143.041
1128.0	155.014
1130.0	145.116
1132.0	150.661
1134.0	143.68
1136.0	149.957
1138.0	142.735
1140.0	149.9
1142.0	146.889
1144.0	157.421
1146.0	153.286
1148.0	155.512
1150.0	149.584
1152.0	152.593
1154.0	150.954
1156.0	142.484
1158.0	147.365
1160.0	146.418
1162.0	145.343
1164.0	147.148
1166.0	153.739
1168.0	149.905
1170.0	151.008
1172.0	152.377
1174.0	153.186
1176.0	152.948
1178.0	137.421
1180.0	143.868
1182.0	147.455
1184.0	148.691
1186.0	148.385
1188.0	151.462
1190.0	151.516
1192.0	155.692
1194.0	152.49
1196.0	155.589
1198.0	151.102
