 3723
 3728
 3798
 3820
 3827
 3838
 3865
 3887
 3926
 3939
 3942
 3948
 3956
 3958
 3967
 3968
 3969
 3969
 3982
 3991
 4000
 4009
 4012
 4016
 4018
 4029
 4031
 4063
 4072
 4078
 4083
 4091
 4097
 4105
 4110
 4119
 4120
 4131
 4134
 4134
 4147
 4147
 4148
 4160
 4161
 4161
 4167
 4168
 4168
 4183
 4190
 4199
 4203
 4205
 4206
 4207
 4226
 4227
 4247
 4248
 4249
 4253
 4254
 4265
 4268
 4268
 4268
 4272
 4279
 4286
 4287
 4287
 4290
 4291
 4291
 4293
 4296
 4297
 4300
 4303
 4306
 4314
 4318
 4318
 4322
 4324
 4334
 4336
 4338
 4338
 4340
 4341
 4343
 4343
 4344
 4345
 4347
 4354
 4356
 4357
 4364
 4375
 4376
 4376
 4377
 4378
 4379
 4383
 4383
 4384
 4385
 4395
 4396
 4411
 4415
 4416
 4424
 4429
 4433
 4451
 4453
 4458
 4467
 4481
 4491
 4491
 4504
 4523
 4537
 4553
 4556
 4557
 4569
 4569
 4573
 4580
 4582
 4584
 4585
 4590
 4592
 4592
 4593
 4597
 4601
 4607
 4610
 4623
 4626
 4631
 4635
 4666
 4670
 4677
 4679
 4680
 4680
 4700
 4711
 4713
 4714
 4714
 4714
 4721
 4728
 4728
 4730
 4740
 4741
 4744
 4749
 4754
 4756
 4756
 4756
 4757
 4770
 4774
 4779
 4782
 4783
 4798
 4803
 4804
 4806
 4807
 4811
 4818
 4823
 4832
 4836
 4837
 4839
 4843
 4849
 4860
 4860
 4870
 4871
 4874
 4876
 4880
 4884
 4886
 4896
 4899
 4900
 4902
 4912
 4913
 4926
 4927
 4928
 4933
 4940
 4949
 4950
 4954
 4954
 4962
 4965
 4965
 4977
 4988
 5002
 5018
 5030
 5033
 5036
 5044
 5049
 5061
 5065
 5069
 5072
 5082
 5084
 5093
 5094
 5103
 5111
 5114
 5127
 5132
 5133
 5134
 5140
 5145
 5150
 5152
 5153
 5163
 5167
 5167
 5173
 5177
 5178
 5184
 5190
 5192
 5192
 5201
 5217
 5221
 5221
 5227
 5231
 5234
 5236
 5237
 5243
 5246
 5247
 5251
 5252
 5257
 5258
 5260
 5261
 5264
 5265
 5266
 5267
 5268
 5268
 5269
 5270
 5270
 5271
 5271
 5272
 5275
 5280
 5282
 5284
 5291
 5293
 5295
 5299
 5306
 5310
 5324
 5325
 5325
 5326
 5328
 5339
 5342
 5342
 5342
 5343
 5344
 5344
 5346
 5349
 5350
 5352
 5354
 5355
 5356
 5360
 5365
 5366
 5367
 5367
 5368
 5369
 5372
 5376
 5376
 5381
 5381
 5385
 5386
 5387
 5388
 5388
 5393
 5400
 5400
 5400
 5401
 5403
 5404
 5405
 5405
 5406
 5410
 5412
 5415
 5416
 5418
 5419
 5422
 5422
 5422
 5423
 5424
 5426
 5428
 5429
 5429
 5431
 5432
 5433
 5433
 5438
 5439
 5440
 5440
 5441
 5441
 5443
 5444
 5450
 5451
 5454
 5454
 5456
 5456
 5456
 5458
 5459
 5460
 5461
 5463
 5463
 5464
 5466
 5467
 5467
 5467
 5468
 5469
 5470
 5472
 5474
 5474
 5474
 5475
 5478
 5481
 5482
 5482
 5484
 5487
 5488
 5489
 5489
 5494
 5498
 5498
 5502
 5504
 5506
 5507
 5507
 5508
 5513
 5516
 5516
 5521
 5524
 5526
 5528
 5528
 5535
 5539
 5540
 5544
 5545
 5565
 5603
 5605
 5606
 5614
 5615
 5627
 5638
 5640
 5648
 5662
 5665
 5672
 5691
 5713
 5727
 5774
 5775
 5783
 5786
 5801
 5809
 5826
 5828
 5837
 5843
 5850
 5856
 5859
 5870
 5872
 5882
 5890
 5895
 5909
 5926
 5933
 5941
 5944
 5974
 5977
 5985
 5987
 5993
 5996
 6001
 6001
 6031
 6050
 6053
 6078
 6078
 6079
 6083
 6084
 6097
 6098
 6099
 6101
 6103
 6111
 6118
 6118
 6124
 6135
 6153
 6154
 6158
 6158
 6160
 6161
 6164
 6175
 6177
 6180
 6180
 6186
 6187
 6189
 6190
 6201
 6202
 6209
 6214
 6218
 6218
 6221
 6222
 6225
 6227
 6233
 6235
 6235
 6238
 6241
 6248
 6252
 6257
 6259
 6265
 6274
 6285
 6286
 6287
 6287
 6287
 6287
 6288
 6293
 6294
 6294
 6307
 6310
 6319
 6326
 6327
 6332
 6354
 6366
 6370
 6401
 6402
 6415
 6424
 6429
 6456
 6465
 6468
 6493
 6495
 6502
 6506
 6513
 6518
 6539
 6551
 6556
 6559
 6566
 6573
 6621
 6629
 6630
 6676
 6682
 6690
 6718
 6719
 6720
 6750
 6760
 6767
 6808
 6825
 6829
 6832
 6876
 6901
 6902
 6909
 6982
 7011
 7056
 7187
 7252
 8465
 9023
 12529
 14290
