314.663 58
315.663 204
316.663 220
317.663 295
318.663 248
319.663 271
320.689 311
321.687 38
322.687 236
323.687 278
324.687 220
325.688 246
326.687 224
327.687 295
328.692 315
329.691 212
330.697 312
331.761 87
332.76 273
333.759 237
334.76 227
335.759 254
336.759 286
337.759 359
338.759 328
340.372 298
341.51 290
342.507 326
343.507 343
344.507 364
345.507 252
346.917 153
347.915 237
348.915 238
349.948 277
350.948 255
351.947 250
352.948 271
353.947 320
354.948 252
355.948 326
356.947 236
357.973 124
358.971 261
359.972 240
360.98 264
361.979 278
362.979 238
363.979 311
364.979 286
365.979 278
367.2 218
368.2 244
369.199 325
370.199 276
371.199 321
372.199 246
373.2 141
374.26 303
375.259 274
376.276 202
377.275 269
378.275 268
379.275 332
380.275 248
381.275 323
382.275 258
383.275 138
384.281 315
385.279 278
386.279 213
387.309 250
388.308 261
389.308 299
390.306 274
391.307 305
392.318 264
393.704 273
394.708 332
395.707 194
396.706 283
397.706 272
398.707 282
399.707 292
400.706 329
401.708 251
402.707 339
403.707 244
404.706 164
405.707 273
406.707 313
407.706 274
408.706 268
409.706 272
410.706 327
411.706 268
412.706 338
414.021 247
415.019 322
416.019 326
417.018 274
418.02 337
419.018 263
420.018 295
421.019 312
422.122 340
423.125 62
424.123 317
425.124 263
426.124 291
427.123 296
428.123 345
429.124 268
430.124 336
431.122 175
432.123 325
433.123 233
434.146 274
435.143 298
436.143 294
437.142 291
438.142 344
439.163 343
440.163 281
441.666 345
442.666 353
443.667 409
444.666 415
445.666 337
446.666 320
447.666 305
448.763 366
450.387 206
451.387 309
452.386 305
453.387 290
454.386 358
455.386 282
456.387 356
457.389 281
458.386 243
459.412 362
460.41 214
461.411 296
462.41 309
463.41 297
464.41 358
465.435 362
466.435 276
467.455 364
468.455 217
469.458 278
470.454 340
471.455 302
472.454 304
473.455 309
474.455 320
475.454 362
476.46 284
477.46 366
478.458 305
479.459 348
480.459 379
481.459 297
482.459 360
483.458 314
484.458 347
485.465 331
486.463 274
487.464 369
488.462 106
489.462 325
490.462 372
491.465 371
492.463 322
493.468 397
494.466 269
495.466 337
496.466 364
497.752 268
498.75 342
499.75 296
500.751 341
501.752 326
502.75 336
503.751 379
504.75 300
505.752 371
506.775 311
507.774 284
508.774 383
509.854 401
510.851 333
511.85 393
512.851 283
513.871 415
514.87 299
515.87 393
516.87 327
517.87 247
518.87 402
519.892 376
520.903 426
521.903 409
522.902 382
523.903 376
524.902 297
525.902 385
526.902 305
527.909 385
528.907 340
529.906 408
530.907 325
531.906 443
532.906 310
533.907 345
534.906 326
535.906 400
536.906 301
537.916 377
538.914 377
539.915 384
540.914 320
541.914 409
542.915 337
543.914 380
544.914 310
545.914 412
546.914 351
547.915 320
548.914 394
549.914 394
550.914 388
551.914 370
552.914 385
553.914 381
554.915 383
555.914 384
556.918 435
557.919 394
558.918 330
559.923 392
560.922 407
561.924 403
562.922 390
563.923 379
564.922 384
565.923 470
566.922 305
567.922 393
568.923 443
569.924 337
570.922 387
571.922 424
572.922 401
573.923 411
574.922 385
575.923 404
576.922 311
577.923 406
578.922 402
579.945 430
580.943 378
581.942 390
582.942 391
583.943 398
584.942 414
585.942 424
586.958 398
587.958 388
588.958 402
589.958 343
590.959 404
591.959 399
592.961 406
593.959 426
594.958 402
595.958 376
596.958 388
597.958 392
598.958 393
599.958 421
600.958 445
601.958 323
602.958 412
603.958 356
604.959 408
605.959 416
606.958 391
607.959 407
608.958 407
609.957 399
610.959 401
611.959 413
612.957 411
613.984 429
614.982 555
615.982 579
616.982 484
617.982 588
618.982 523
619.982 525
620.981 623
622.009 567
623.005 571
624.005 583
625.006 599
626.006 659
627.005 252
628.005 586
629.006 491
630.006 509
631.005 451
632.006 506
633.006 492
634.005 521
635.005 506
636.005 684
637.006 483
638.005 395
639.005 391
640.005 445
641.006 364
642.006 461
643.006 374
644.006 450
645.006 368
646.005 457
647.086 460
648.085 381
649.087 387
650.086 396
651.093 472
652.09 390
653.09 426
654.09 405
655.091 385
656.179 423
657.178 383
658.179 337
659.179 362
660.177 409
661.219 444
662.218 389
663.219 420
664.217 438
665.243 455
666.243 405
667.242 412
668.242 420
669.242 407
670.242 422
671.242 437
672.241 407
673.241 371
674.241 446
675.243 336
676.242 423
677.242 426
678.241 400
679.242 423
680.241 435
681.241 418
682.241 429
683.277 450
684.277 425
685.278 414
686.278 414
687.277 418
688.277 333
689.277 419
690.277 422
691.348 427
692.346 423
693.345 366
694.347 433
695.347 436
696.345 419
697.345 418
698.345 441
699.346 430
700.346 425
701.347 441
702.346 441
703.345 435
704.394 492
705.394 435
706.393 403
707.394 428
708.393 409
709.395 360
710.393 413
711.393 434
712.393 432
713.393 435
714.393 413
715.393 424
716.393 450
717.395 424
718.393 450
719.394 416
720.393 437
721.393 404
722.394 407
723.393 434
724.394 448
725.393 438
726.393 425
727.394 422
728.395 433
729.394 363
730.394 346
731.393 457
732.396 450
733.393 436
734.393 444
735.394 431
736.395 366
737.394 423
738.394 436
739.393 443
740.394 436
741.394 408
742.394 420
743.394 441
744.394 436
745.394 424
746.393 442
747.393 474
748.393 433
749.394 447
750.393 361
751.393 363
752.393 409
753.433 406
754.442 477
755.441 410
756.443 386
757.441 403
758.441 442
759.443 445
760.442 469
761.441 439
762.442 454
763.442 426
764.441 439
765.441 389
766.449 478
767.45 413
768.449 437
769.45 436
770.449 443
771.451 435
772.449 374
773.449 372
774.57 475
775.569 426
776.57 389
777.571 435
778.57 391
779.569 407
780.569 439
781.569 432
782.57 475
783.569 457
784.569 455
785.569 473
786.57 432
787.569 444
788.57 436
789.569 432
790.57 453
791.57 391
792.57 447
793.569 454
794.725 468
795.725 433
796.726 454
797.726 419
798.725 512
799.726 445
800.725 437
801.725 436
802.726 464
803.725 441
804.725 442
805.726 451
806.725 438
807.725 450
808.763 472
809.761 436
810.761 447
811.762 430
812.761 416
813.761 431
814.762 374
815.761 405
816.798 446
817.798 457
818.799 395
819.798 462
820.797 411
821.797 438
822.797 491
823.797 494
824.797 464
825.815 462
826.813 461
827.814 451
828.814 437
829.813 441
830.815 447
831.813 434
832.813 461
833.813 406
834.813 457
835.813 445
836.814 386
837.814 459
838.813 424
839.814 388
840.813 432
841.824 459
842.82 435
843.821 484
844.82 452
845.821 488
846.868 470
847.865 474
848.866 454
849.865 446
850.865 448
851.865 446
852.865 447
853.868 379
854.905 442
855.905 448
856.904 409
857.906 446
858.906 459
859.905 455
860.905 453
861.906 403
862.906 456
863.904 465
864.905 462
865.904 452
866.906 447
867.905 443
868.905 453
869.905 460
870.905 465
871.905 447
872.909 496
873.909 427
874.908 427
875.908 413
876.909 460
877.909 391
878.909 453
879.909 473
880.999 457
881.997 447
882.998 428
883.997 429
884.997 453
886.001 422
887.001 474
888.002 456
889.001 447
890 442
891 472
892.002 459
893.001 455
894 444
895.001 457
896.001 452
897.001 413
898 421
899 486
900.013 478
901.014 427
902.013 427
903.013 449
904.013 391
905.014 440
906.014 435
907.012 453
908.015 512
909.012 437
910.014 465
911.012 452
912.013 448
913.013 458
914.012 438
915.013 640
916.016 702
917.02 565
918.02 563
919.07 555
920.072 638
921.077 663
922.081 564
923.085 646
924.089 690
925.094 723
926.097 574
927.101 716
928.105 600
929.109 685
930.113 726
931.118 614
932.13 797
933.134 609
934.138 599
935.142 497
936.146 459
937.15 421
938.154 480
939.158 451
940.164 462
941.166 479
942.17 457
943.174 454
944.179 362
945.183 484
946.188 350
947.192 334
948.195 491
949.199 454
950.203 462
951.208 465
952.212 420
953.215 433
954.219 469
955.224 471
956.228 461
957.232 471
958.236 450
959.24 469
960.244 466
961.248 474
962.252 483
963.26 490
964.262 490
965.265 458
966.269 429
967.273 439
968.276 395
969.277 472
970.281 477
971.285 448
972.306 540
973.309 423
974.314 455
975.318 456
976.323 463
977.325 464
978.329 488
979.333 478
980.337 477
981.341 463
982.346 444
983.351 508
984.376 484
985.378 490
986.383 471
987.387 429
988.39 427
989.395 414
990.398 377
991.404 475
992.407 450
993.411 470
994.415 473
995.418 428
996.423 430
997.428 473
998.432 463
999.436 625
1000.44 658
1001.44 701
1002.45 720
1003.45 612
1004.46 700
1005.52 720
1006.56 668
1007.7 658
1008.7 534
1009.7 339
1010.71 495
1011.71 470
1012.72 418
1013.72 469
1014.72 464
1015.73 466
1016.73 483
1017.77 514
1018.78 478
1019.78 463
1020.78 456
1021.79 468
1022.79 507
1023.8 765
1024.8 681
1025.8 654
1026.81 607
1027.81 483
1028.81 392
1029.82 411
1030.82 461
1031.83 488
1032.83 460
1033.83 447
1034.84 458
1035.84 482
1036.85 480
1037.85 493
1038.85 531
1039.86 795
1040.86 659
1041.87 686
1042.87 735
1043.87 590
1044.88 698
1045.88 553
1046.89 543
1047.89 689
1048.89 644
1049.93 700
1050.94 706
1051.95 718
1052.95 700
1054.02 699
1055.09 717
1056.1 709
1057.23 709
1058.25 678
1059.25 528
1060.25 585
1061.25 628
1062.26 719
1063.26 681
1064.27 765
1065.27 627
1066.28 707
1067.28 711
1068.28 669
1069.29 600
1070.29 698
1071.3 597
1072.3 674
1073.3 616
1074.31 684
1075.31 739
1076.32 705
1077.39 750
1078.39 736
1079.39 777
1080.4 580
1081.4 503
1082.4 408
1083.41 464
1084.41 449
1085.45 513
1086.45 454
1087.45 458
1088.45 486
1089.46 493
1090.46 476
1091.46 376
1092.61 511
1093.61 442
1094.61 408
1095.62 436
1096.62 501
1097.63 493
1098.63 438
1099.63 456
1100.64 492
1101.65 513
1102.65 441
1103.65 491
1104.66 466
1105.66 469
1106.67 465
1107.67 470
1108.67 458
1109.68 489
1110.68 495
1111.88 513
1112.89 483
1113.89 450
1114.89 482
1115.89 409
1116.9 484
1117.9 499
1118.91 461
1119.91 482
1120.92 504
1121.92 509
1122.92 488
1123.93 467
1124.93 487
1125.93 491
1126.94 467
1127.94 471
1128.95 493
1129.95 493
1130.97 470
1132.06 518
1133.06 480
1134.06 436
1135.07 449
1136.07 489
1137.08 475
1138.08 415
1139.08 493
1140.09 483
1141.13 530
1142.14 454
1143.14 471
1144.14 483
1145.15 498
1146.15 476
1147.16 466
1148.16 487
1149.16 474
1150.17 466
1151.17 490
1152.18 515
1153.19 513
1154.19 430
1155.19 442
1156.2 398
1157.2 461
1158.21 475
1159.21 468
1160.21 503
1161.26 488
1162.26 478
1163.27 426
1164.27 477
1165.27 468
1166.28 484
1167.28 484
1168.29 481
1169.29 470
1170.29 483
1171.3 463
1172.3 509
1173.31 500
1174.31 459
1175.31 474
1176.32 461
1177.32 441
1178.33 408
1179.33 498
1180.33 429
1181.37 478
1182.45 512
1183.45 467
1184.45 478
1185.46 479
1186.46 474
1187.47 494
1188.47 483
1189.47 490
1190.48 493
1191.48 476
1192.49 495
1193.49 479
1194.49 534
1195.5 457
1196.5 486
1197.51 487
1198.51 474
1199.51 454
1200.52 461
