# timestamp	GC Total Latency (msec)		Read Latency (msec)	Write Latency (msec)\n
162.457 0 0 0
163.457 2 0 0
164.457 1 0 0
165.457 1 0 0
167.882 0 0 0
168.881 0 0 0
169.972 0 0 0
170.969 132 59 73
171.969 701 309 396
172.969 1201 531 677
173.969 1651 726 934
174.969 2100 924 1188
175.969 2401 1056 1360
177.333 2624 1152 1489
178.333 2867 1257 1628
179.334 3071 1346 1744
180.333 3298 1446 1873
181.333 3432 1503 1951
182.333 3670 1608 2086
183.797 3717 1626 2115
184.798 3901 1707 2219
185.9 3957 1731 2251
187.053 4065 1778 2313
188.053 4173 1825 2375
189.054 4265 1865 2428
190.082 4362 1907 2483
191.081 4425 1933 2521
192.081 4499 1963 2565
193.675 4537 1980 2586
194.673 4606 2010 2626
195.672 4639 2022 2647
196.788 4698 2048 2681
197.789 4757 2073 2716
198.788 4804 2093 2743
199.788 4860 2115 2777
201.776 4894 2130 2797
202.777 4934 2147 2820
203.777 4978 2166 2845
204.776 4999 2174 2858
205.777 5040 2192 2881
206.776 5037 2190 2880
207.984 5058 2200 2892
208.98 5095 2216 2914
209.982 5113 2223 2924
210.985 5133 2232 2935
211.985 5153 2241 2947
213.019 5170 2248 2957
214.016 5202 2261 2975
215.017 5211 2264 2982
216.016 5239 2276 2998
217.016 5257 2283 3008
218.222 5271 2289 3017
219.22 5299 2301 3033
220.22 5303 2303 3036
221.221 5325 2312 3048
222.22 5336 2316 3055
223.221 5348 2321 3062
224.22 5371 2331 3076
225.271 5388 2337 3086
226.269 5397 2341 3092
227.268 5421 2351 3106
228.269 5430 2354 3112
229.269 5446 2361 3121
230.312 5451 2362 3125
231.313 5468 2369 3135
232.314 5477 2373 3141
233.312 5493 2380 3150
234.312 5508 2385 3160
235.36 5530 2394 3172
236.36 5533 2395 3175
237.361 5551 2402 3186
238.365 5556 2404 3189
239.368 5561 2406 3192
240.372 5581 2413 3204
241.376 5605 2423 3219
242.381 5611 2425 3223
244.209 5624 2430 3231
245.213 5629 2432 3234
246.217 5645 2439 3244
247.291 5646 2438 3245
248.293 5658 2444 3252
249.297 5668 2447 3258
250.301 5676 2450 3264
251.306 5692 2456 3273
252.309 5700 2459 3279
253.313 5707 2461 3284
254.386 5721 2466 3292
255.39 5724 2468 3294
256.394 5738 2473 3303
257.398 5741 2474 3305
258.402 5747 2476 3309
259.405 5754 2479 3313
260.416 5764 2483 3320
261.417 5773 2486 3326
262.43 5787 2491 3334
263.433 5788 2491 3336
264.438 5801 2496 3344
265.816 5805 2497 3346
266.822 5813 2500 3352
267.825 5823 2504 3358
268.854 5831 2506 3363
269.857 5839 2509 3368
270.862 5847 2512 3374
271.866 5856 2515 3380
272.871 5868 2520 3387
273.875 5870 2520 3389
274.878 5881 2524 3396
275.882 5885 2525 3399
276.886 5896 2529 3406
277.952 5907 2533 3413
278.954 5912 2535 3417
280.026 5924 2539 3424
281.026 5927 2540 3427
282.048 5939 2544 3434
283.053 5942 2545 3437
284.056 5949 2547 3441
285.059 5961 2552 3449
286.062 5962 2551 3451
287.066 5973 2555 3458
288.07 5975 2556 3459
290.445 5983 2558 3464
291.446 5988 2560 3468
292.451 5993 2561 3471
293.455 6004 2565 3478
294.459 6007 2566 3481
295.464 6017 2570 3487
296.467 6019 2570 3489
297.472 6026 2572 3494
298.476 6036 2576 3500
299.532 6040 2577 3503
300.536 6046 2579 3507
301.539 6052 2581 3511
302.543 6058 2583 3515
303.547 6064 2585 3520
304.551 6070 2586 3524
305.551 6080 2590 3530
306.556 6083 2591 3533
307.559 6091 2593 3539
308.563 6097 2595 3542
309.568 6105 2598 3548
310.571 6114 2601 3554
311.575 6118 2602 3557
312.58 6127 2605 3563
313.583 6129 2606 3565
314.588 6139 2609 3571
315.592 6142 2609 3573
317.271 6147 2611 3577
318.273 6153 2613 3581
319.275 6160 2616 3586
320.279 6169 2619 3591
321.335 6173 2620 3594
322.336 6172 2619 3595
323.427 6182 2622 3601
324.428 6186 2623 3604
325.432 6191 2625 3608
326.437 6199 2628 3613
327.439 6204 2629 3617
328.445 6212 2632 3622
329.448 6218 2633 3626
330.453 6223 2635 3630
331.457 6229 2636 3634
332.46 6234 2638 3638
333.465 6243 2641 3644
334.47 6247 2641 3647
335.473 6255 2644 3652
336.476 6258 2645 3655
337.48 6263 2646 3658
338.484 6270 2648 3664
339.488 6278 2651 3669
340.595 6287 2654 3675
341.596 6289 2654 3677
342.601 6297 2657 3683
343.604 6301 2658 3685
344.628 6310 2661 3691
345.633 6312 2661 3693
346.743 6316 2662 3696
347.745 6322 2664 3700
348.749 6327 2665 3704
349.753 6335 2668 3710
350.756 6336 2668 3710
351.76 6344 2671 3715
352.877 6351 2673 3721
353.881 6352 2673 3722
354.886 6361 2676 3727
355.889 6365 2677 3731
356.893 6371 2678 3735
357.897 6377 2680 3739
358.901 6383 2682 3744
359.904 6391 2684 3749
360.909 6392 2684 3751
361.913 6400 2687 3756
362.916 6404 2688 3759
363.921 6411 2690 3764
364.924 6415 2691 3767
365.929 6422 2693 3772
366.953 6426 2694 3775
367.957 6431 2696 3779
368.96 6437 2697 3783
369.965 6445 2700 3788
370.968 6448 2700 3791
371.974 6455 2702 3796
372.976 6459 2703 3799
373.981 6467 2706 3805
374.986 6472 2707 3808
375.988 6479 2709 3813
376.993 6481 2710 3815
377.996 6488 2712 3820
379.001 6494 2713 3824
380.005 6500 2715 3829
381.404 6507 2717 3834
382.405 6510 2718 3836
383.408 6518 2720 3842
384.414 6522 2721 3845
385.417 6530 2723 3851
386.427 6535 2725 3855
387.429 6541 2726 3859
388.433 6549 2729 3865
389.439 6550 2728 3866
390.442 6559 2731 3872
391.447 6562 2732 3875
392.45 6570 2734 3880
393.457 6574 2735 3883
394.462 6581 2737 3889
395.465 6587 2739 3892
396.469 6589 2739 3895
397.473 6596 2741 3899
398.478 6604 2743 3905
399.481 6604 2743 3906
400.486 6612 2745 3911
401.523 6616 2747 3914
402.526 6619 2747 3917
403.529 6628 2750 3923
404.533 6631 2750 3925
405.538 6636 2752 3929
406.542 6642 2753 3933
407.552 6648 2755 3938
408.553 6655 2757 3943
409.557 6659 2758 3947
410.561 6664 2759 3950
411.566 6669 2760 3954
412.569 6676 2762 3959
413.574 6681 2763 3964
414.577 6688 2765 3968
415.62 6694 2767 3973
416.621 6700 2768 3978
417.627 6706 2770 3982
418.629 6712 2771 3986
419.633 6718 2773 3991
420.637 6724 2774 3995
421.642 6730 2776 4000
422.646 6736 2777 4005
423.649 6742 2779 4009
424.653 6747 2780 4013
425.658 6754 2782 4018
426.663 6761 2784 4023
427.665 6766 2785 4027
428.669 6770 2786 4030
429.674 6775 2787 4034
430.678 6781 2789 4039
431.681 6788 2791 4044
432.687 6794 2792 4048
433.689 6800 2793 4053
434.693 6806 2795 4057
435.697 6812 2796 4062
436.701 6819 2798 4067
437.709 6826 2800 4072
438.713 6831 2801 4076
439.717 6838 2803 4082
440.721 6843 2805 4085
441.726 6846 2805 4087
442.729 6851 2806 4092
443.74 6859 2808 4097
444.741 6863 2810 4100
445.745 6869 2811 4105
446.749 6874 2812 4108
447.754 6879 2814 4113
448.757 6886 2815 4118
449.761 6892 2817 4122
450.765 6896 2818 4125
451.769 6901 2819 4129
452.773 6906 2821 4133
453.777 6912 2822 4137
454.782 6918 2823 4142
455.834 6924 2825 4146
456.839 6929 2827 4150
457.842 6934 2828 4154
458.845 6940 2829 4158
459.85 6945 2831 4162
460.854 6950 2832 4166
461.857 6955 2833 4170
462.861 6960 2834 4173
463.866 6965 2836 4177
464.869 6972 2838 4182
465.874 6976 2838 4185
466.879 6981 2840 4189
467.882 6987 2841 4193
468.885 6991 2842 4197
469.986 6997 2844 4201
470.989 7002 2845 4204
471.994 7007 2846 4208
472.997 7011 2848 4211
474.002 7016 2849 4215
475.002 7020 2850 4218
476.005 7024 2851 4222
477.005 7030 2852 4225
478.072 7035 2854 4229
479.092 7040 2855 4233
480.09 7045 2856 4237
481.089 7050 2858 4241
482.09 7054 2859 4244
483.095 7060 2860 4248
484.094 7066 2862 4252
485.093 7070 2863 4256
486.094 7075 2864 4259
487.094 7080 2865 4263
488.094 7084 2866 4267
489.094 7088 2867 4269
490.093 7092 2869 4273
491.163 7097 2870 4276
492.35 7102 2871 4280
493.582 7107 2872 4283
494.581 7112 2874 4287
495.582 7116 2875 4290
496.582 7121 2876 4294
497.582 7125 2877 4297
498.582 7129 2878 4300
499.581 7133 2879 4303
500.582 7137 2880 4306
501.582 7142 2881 4310
502.582 7147 2883 4313
503.582 7152 2884 4317
504.582 7156 2885 4321
505.582 7161 2886 4324
506.581 7165 2887 4327
507.596 7170 2889 4331
508.613 7175 2890 4335
509.614 7180 2891 4338
510.614 7183 2892 4341
511.613 7187 2893 4344
512.613 7192 2894 4347
513.614 7197 2895 4351
514.614 7201 2896 4354
515.613 7205 2898 4357
516.623 7209 2899 4361
517.622 7214 2900 4364
518.621 7217 2901 4366
519.622 7221 2902 4369
520.622 7225 2903 4372
521.622 7229 2904 4375
522.621 7233 2905 4378
523.621 7238 2906 4382
524.629 7242 2907 4385
525.629 7246 2908 4388
526.629 7251 2909 4392
527.629 7254 2910 4395
528.629 7259 2911 4398
529.629 7264 2912 4401
530.773 7268 2913 4405
531.773 7272 2915 4408
532.774 7275 2915 4410
533.774 7278 2916 4413
534.774 7282 2917 4415
535.805 7286 2918 4419
536.805 7290 2919 4422
537.81 7294 2920 4425
538.81 7297 2921 4427
539.809 7302 2922 4430
540.81 7305 2923 4433
541.809 7309 2924 4436
542.809 7313 2925 4439
543.809 7317 2926 4442
544.81 7321 2927 4445
545.809 7325 2928 4448
546.81 7329 2929 4451
547.81 7333 2930 4454
548.809 7337 2931 4457
549.809 7341 2932 4460
550.829 7345 2933 4463
551.829 7348 2934 4466
552.829 7351 2935 4468
553.829 7355 2935 4471
554.829 7359 2936 4474
555.83 7363 2937 4477
556.83 7366 2938 4479
557.852 7370 2939 4482
558.849 7374 2940 4485
559.85 7377 2941 4487
560.849 7381 2942 4490
561.85 7384 2942 4493
562.849 7388 2943 4496
563.849 7391 2944 4498
564.85 7395 2945 4501
565.849 7400 2946 4505
566.868 7404 2947 4508
567.865 7407 2948 4510
568.865 7411 2949 4513
569.865 7414 2950 4516
570.866 7418 2951 4519
571.866 7422 2952 4522
572.946 7426 2953 4525
573.946 7430 2954 4528
574.946 7432 2954 4529
575.946 7436 2955 4532
576.946 7439 2956 4535
577.945 7443 2957 4537
578.945 7446 2958 4540
579.948 7450 2959 4543
580.994 7454 2960 4546
582.004 7457 2961 4549
583.001 7460 2962 4551
584.002 7463 2962 4553
585.001 7467 2963 4556
586.001 7470 2964 4558
587.001 7474 2965 4561
588.001 7477 2966 4564
589.001 7481 2967 4567
590.001 7485 2967 4570
591.002 7489 2968 4572
592.002 7492 2969 4575
593 7496 2970 4578
594.18 7500 2971 4581
595.177 7503 2972 4583
596.177 7506 2973 4585
597.176 7509 2974 4588
598.177 7512 2974 4590
599.178 7515 2975 4593
600.238 7519 2976 4595
601.39 7522 2977 4598
602.445 7526 2978 4601
603.446 7530 2979 4604
604.447 7533 2979 4606
605.582 7537 2980 4609
606.587 7540 2981 4612
607.584 7543 2982 4614
608.585 7547 2983 4617
609.585 7550 2984 4619
610.586 7553 2984 4622
611.585 7557 2985 4625
612.585 7561 2986 4627
613.585 7564 2987 4630
614.611 7567 2988 4632
615.609 7570 2988 4634
616.61 7572 2989 4636
617.609 7575 2990 4638
618.609 7578 2990 4641
619.609 7582 2991 4643
620.617 7585 2992 4646
621.705 7588 2993 4648
622.705 7591 2994 4651
623.705 7595 2994 4653
624.704 7598 2995 4656
625.705 7601 2996 4658
626.705 7603 2996 4660
627.704 7607 2997 4663
628.705 7610 2998 4665
629.705 7613 2999 4667
630.704 7616 2999 4670
631.704 7619 3000 4672
632.704 7623 3001 4675
633.705 7626 3002 4677
634.706 7629 3003 4680
635.705 7632 3003 4682
636.706 7635 3004 4684
637.705 7638 3005 4686
638.705 7640 3005 4688
639.704 7643 3006 4690
640.8 7647 3007 4693
641.798 7650 3008 4695
642.797 7652 3008 4697
643.797 7655 3009 4699
644.796 7658 3010 4701
645.796 7661 3011 4704
646.796 7664 3011 4706
647.796 7667 3012 4708
648.802 7669 3013 4710
649.8 7672 3013 4713
650.801 7676 3014 4715
651.801 7678 3015 4717
652.801 7681 3016 4719
653.8 7684 3016 4721
654.8 7687 3017 4724
655.801 7690 3018 4726
656.801 7693 3018 4728
657.8 7695 3019 4730
658.8 7698 3020 4732
660.001 7701 3021 4735
661 7704 3021 4737
662 7707 3022 4739
663 7710 3022 4741
664.001 7712 3023 4743
665 7715 3024 4745
666.001 7718 3024 4748
667.003 7721 3025 4750
668.08 7724 3026 4752
669.155 7727 3027 4755
670.152 7730 3027 4757
671.152 7733 3028 4759
672.153 7736 3029 4761
673.152 7739 3029 4764
674.153 7742 3030 4766
675.153 7744 3031 4768
676.152 7747 3031 4770
677.154 7750 3032 4773
678.152 7753 3033 4775
679.314 7756 3034 4777
680.313 7759 3034 4779
681.312 7762 3035 4781
682.312 7764 3035 4783
683.313 7767 3036 4785
684.312 7770 3037 4788
685.312 7773 3037 4790
686.317 7776 3038 4792
687.319 7778 3039 4794
688.318 7781 3040 4797
689.316 7784 3040 4799
690.316 7787 3041 4801
691.316 7790 3042 4803
692.316 7792 3042 4805
693.316 7795 3043 4807
694.316 7798 3044 4809
695.316 7801 3044 4812
696.315 7804 3045 4814
697.35 7807 3046 4816
698.36 7810 3046 4818
699.36 7813 3047 4821
700.36 7815 3048 4823
701.361 7818 3048 4825
702.36 7820 3049 4826
703.36 7823 3050 4828
704.36 7826 3050 4831
705.361 7829 3051 4833
706.364 7831 3052 4835
707.364 7834 3052 4837
708.365 7836 3053 4839
709.363 7839 3053 4841
710.365 7841 3054 4842
711.365 7844 3055 4845
712.364 7847 3055 4847
713.364 7849 3056 4849
714.397 7852 3057 4851
715.396 7855 3057 4853
716.396 7858 3058 4855
717.396 7860 3059 4857
718.397 7863 3059 4859
719.396 7866 3060 4861
720.396 7868 3060 4863
721.396 7871 3061 4865
722.395 7873 3062 4867
723.458 7876 3062 4869
724.456 7878 3063 4871
725.456 7880 3064 4872
726.457 7883 3064 4874
727.457 7885 3065 4876
728.455 7887 3065 4878
729.547 7890 3066 4880
730.545 7893 3067 4882
731.543 7895 3067 4884
732.544 7897 3068 4886
733.544 7900 3068 4888
734.543 7903 3069 4889
735.544 7905 3069 4891
736.544 7908 3070 4893
737.544 7910 3071 4895
738.544 7913 3071 4897
739.544 7916 3072 4899
740.543 7918 3073 4901
741.544 7921 3073 4903
742.544 7924 3074 4906
743.543 7926 3074 4908
744.543 7929 3075 4910
745.544 7931 3076 4912
746.544 7933 3076 4913
747.544 7936 3077 4915
748.544 7938 3077 4917
749.544 7941 3078 4919
750.568 7943 3079 4921
751.571 7946 3079 4923
752.575 7948 3080 4924
753.579 7950 3080 4926
754.583 7952 3081 4928
755.588 7955 3081 4930
756.592 7957 3082 4931
757.595 7960 3083 4933
758.648 7962 3083 4935
759.677 7965 3084 4937
760.687 7968 3084 4939
761.691 7970 3085 4941
762.696 7972 3085 4943
763.701 7975 3086 4945
764.704 7978 3087 4947
765.708 7980 3087 4949
766.713 7982 3088 4951
767.716 7985 3088 4953
768.72 7987 3089 4955
769.725 7989 3089 4956
770.728 7992 3090 4958
771.733 7995 3091 4960
772.758 7997 3091 4962
773.866 7999 3092 4964
774.872 8002 3092 4966
775.876 8004 3093 4968
776.881 8007 3094 4970
777.884 8009 3094 4971
778.888 8011 3095 4973
779.893 8013 3095 4975
780.897 8016 3096 4977
781.901 8018 3096 4979
782.904 8021 3097 4981
783.914 8023 3097 4983
784.916 8025 3098 4984
785.92 8028 3099 4986
786.925 8030 3099 4988
787.928 8032 3100 4990
788.932 8035 3100 4991
789.937 8037 3101 4993
790.941 8039 3101 4995
791.945 8041 3102 4996
792.957 8043 3102 4998
794.012 8046 3103 5000
795.027 8048 3103 5002
796.03 8050 3104 5003
797.032 8052 3104 5005
798.037 8054 3105 5006
799.042 8056 3105 5008
800.045 8058 3106 5010
801.049 8061 3106 5012
802.053 8063 3107 5013
803.057 8065 3108 5015
804.061 8068 3108 5017
805.104 8070 3109 5019
806.105 8072 3109 5020
807.109 8075 3110 5022
808.113 8077 3110 5024
809.117 8079 3111 5026
810.122 8082 3111 5028
811.126 8084 3112 5029
812.129 8086 3112 5031
813.133 8088 3113 5033
814.138 8090 3113 5034
815.142 8093 3114 5036
816.296 8095 3115 5038
817.298 8097 3115 5039
818.301 8099 3115 5041
819.306 8101 3116 5042
820.309 8103 3116 5044
821.313 8105 3117 5046
822.318 8107 3117 5047
823.323 8109 3118 5049
824.327 8112 3118 5051
825.329 8114 3119 5052
826.333 8116 3120 5054
827.383 8118 3120 5056
828.385 8121 3121 5058
829.405 8123 3121 5059
830.407 8125 3122 5061
831.41 8127 3122 5063
832.414 8129 3123 5065
833.419 8132 3123 5066
834.423 8134 3124 5068
835.426 8136 3124 5069
836.43 8137 3125 5071
837.523 8139 3125 5072
838.526 8142 3126 5074
839.531 8143 3126 5075
840.534 8145 3126 5077
841.539 8148 3127 5079
842.543 8150 3127 5080
843.547 8151 3128 5082
844.55 8153 3128 5083
845.554 8155 3129 5085
846.558 8158 3129 5086
847.562 8160 3130 5088
848.566 8162 3130 5090
849.634 8164 3131 5091
850.638 8166 3131 5093
851.644 8168 3132 5095
852.648 8171 3132 5096
853.65 8173 3133 5098
854.655 8175 3133 5099
855.659 8177 3134 5101
856.662 8179 3134 5103
857.667 8180 3135 5104
858.67 8182 3135 5105
859.863 8185 3136 5107
860.873 8187 3136 5109
861.873 8189 3137 5110
862.883 8191 3137 5112
863.883 8192 3137 5113
864.883 8194 3138 5114
865.893 8196 3138 5116
866.893 8198 3139 5117
867.913 8200 3139 5119
868.983 8202 3140 5121
870.013 8204 3140 5122
871.083 8206 3141 5124
872.083 8208 3141 5125
873.083 8210 3142 5127
874.093 8212 3142 5129
875.093 8214 3143 5130
876.103 8216 3143 5132
877.103 8218 3144 5133
878.103 8220 3144 5135
879.113 8222 3144 5136
880.113 8224 3145 5138
881.123 8226 3145 5139
882.223 8228 3146 5141
883.223 8230 3146 5142
884.223 8232 3147 5144
885.233 8234 3147 5145
886.233 8235 3148 5147
887.243 8237 3148 5148
888.243 8239 3148 5150
889.243 8241 3149 5151
890.253 8243 3149 5153
891.253 8245 3150 5154
892.263 8247 3150 5156
893.293 8249 3151 5157
894.363 8251 3151 5159
895.373 8253 3152 5160
896.373 8255 3152 5162
897.383 8257 3153 5163
898.383 8259 3153 5165
899.383 8261 3154 5166
900.393 8263 3154 5168
901.393 8264 3154 5169
902.403 8266 3155 5170
903.413 8268 3155 5172
904.453 8270 3156 5173
905.483 8272 3156 5175
906.483 8274 3157 5176
907.493 8276 3157 5178
908.493 8277 3157 5179
909.493 8279 3158 5180
910.503 8281 3158 5182
911.503 8283 3159 5183
912.503 8284 3159 5184
913.513 8286 3160 5186
914.513 8288 3160 5187
915.553 8290 3161 5189
916.553 8292 3161 5190
917.553 8294 3161 5192
918.563 8295 3162 5193
919.563 8297 3162 5194
920.563 8299 3163 5196
921.573 8301 3163 5197
922.573 8303 3163 5198
923.583 8304 3164 5200
924.583 8305 3164 5201
925.593 8307 3165 5202
926.843 8309 3165 5204
927.853 8311 3165 5205
928.853 8312 3166 5206
929.863 8314 3166 5207
930.863 8316 3166 5209
931.873 8317 3167 5210
932.873 8319 3167 5211
933.873 8321 3168 5213
934.883 8323 3168 5214
935.883 8324 3169 5215
936.883 8326 3169 5217
937.893 8328 3169 5218
938.923 8330 3170 5220
939.933 8332 3170 5221
940.943 8334 3171 5223
941.943 8335 3171 5224
942.943 8337 3172 5225
943.953 8339 3172 5227
944.953 8340 3172 5228
945.963 8342 3173 5229
946.963 8344 3173 5231
947.963 8346 3174 5232
948.993 8348 3174 5233
950.243 8350 3175 5235
951.243 8351 3175 5236
952.253 8353 3175 5237
953.253 8355 3176 5239
954.263 8356 3176 5240
955.263 8358 3176 5241
956.273 8360 3177 5243
957.273 8362 3177 5244
958.273 8363 3178 5245
959.283 8365 3178 5247
960.283 8367 3178 5248
961.293 8368 3179 5249
962.333 8371 3179 5251
963.333 8372 3180 5252
964.343 8374 3180 5254
965.343 8376 3181 5255
966.343 8377 3181 5256
967.353 8379 3181 5258
968.353 8381 3182 5259
969.363 8382 3182 5260
970.363 8384 3182 5261
971.373 8386 3183 5263
972.543 8387 3183 5264
973.553 8389 3184 5265
974.553 8390 3184 5266
975.563 8392 3184 5268
976.563 8394 3185 5269
977.573 8395 3185 5270
978.573 8397 3186 5272
979.573 8398 3186 5273
980.583 8400 3186 5274
981.583 8402 3187 5276
982.593 8404 3187 5277
983.603 8406 3187 5278
984.613 8407 3188 5280
985.613 8409 3188 5281
986.623 8410 3189 5282
987.623 8412 3189 5283
988.633 8414 3189 5285
989.633 8415 3190 5286
990.633 8417 3190 5287
991.643 8418 3190 5288
992.663 8420 3191 5289
993.853 8422 3191 5291
994.853 8423 3192 5292
995.853 8425 3192 5293
996.863 8426 3192 5294
997.863 8428 3193 5295
998.873 8429 3193 5296
999.873 8431 3193 5298
1000.87 8432 3194 5299
1001.88 8434 3194 5300
1002.89 8435 3194 5301
1003.89 8437 3195 5303
1004.9 8438 3195 5304
1005.9 8440 3196 5305
1006.91 8442 3196 5306
1007.91 8443 3196 5307
1008.91 8445 3197 5309
1009.92 8447 3197 5310
1010.92 8448 3197 5311
1011.93 8450 3198 5312
1012.93 8451 3198 5314
1014.1 8453 3199 5315
1015.11 8454 3199 5316
1016.11 8456 3199 5317
1017.11 8458 3200 5319
1018.12 8459 3200 5320
1019.12 8461 3200 5321
1020.13 8462 3201 5322
1021.13 8463 3201 5323
1022.13 8465 3201 5324
1023.14 8467 3202 5326
1024.15 8468 3202 5327
1025.15 8470 3202 5328
1026.15 8471 3203 5329
1027.16 8473 3203 5330
1028.16 8474 3204 5331
1029.17 8476 3204 5333
1030.17 8477 3204 5334
1031.17 8479 3205 5335
1032.18 8480 3205 5336
1033.18 8482 3205 5337
1034.19 8484 3206 5339
1035.24 8485 3206 5340
1036.24 8487 3206 5341
1037.25 8488 3207 5342
1038.25 8490 3207 5343
1039.25 8491 3207 5345
1040.26 8493 3208 5346
1041.26 8494 3208 5347
1042.27 8496 3209 5348
1043.27 8497 3209 5349
1044.28 8499 3209 5350
1045.37 8500 3210 5352
1046.37 8502 3210 5353
1047.37 8503 3210 5354
1048.38 8505 3211 5355
1049.38 8506 3211 5356
1050.39 8508 3211 5357
1051.39 8509 3212 5358
1052.4 8511 3212 5360
1053.4 8512 3212 5361
1054.4 8514 3213 5362
1055.42 8515 3213 5363
1056.42 8517 3213 5364
1057.43 8518 3214 5366
1058.43 8520 3214 5367
1059.43 8521 3214 5368
