2.0	256.167
4.0	238.576
6.0	222.878
8.0	223.812
10.0	222.841
12.0	228.29
14.0	226.915
16.0	220.145
18.0	248.592
20.0	219.635
22.0	232.761
24.0	243.686
26.0	216.23
28.0	256.724
30.0	230.08
32.0	232.967
34.0	232.178
36.0	227.783
38.0	241.554
40.0	232.731
42.0	215.106
44.0	246.362
46.0	226.567
48.0	200.437
50.0	214.199
52.0	258.576
54.0	226.069
56.0	210.499
58.0	201.01
60.0	257.132
62.0	217.542
64.0	204.692
66.0	233.427
68.0	216.675
70.0	217.903
72.0	230.89
74.0	225.435
76.0	218.179
78.0	211.009
80.0	241.874
82.0	221.196
84.0	198.957
86.0	252.647
88.0	218.235
90.0	200.355
92.0	229.802
94.0	206.198
96.0	218.626
98.0	243.984
100.0	217.015
102.0	210.231
104.0	231.609
106.0	233.163
108.0	202.853
110.0	236.076
112.0	229.786
114.0	222.167
116.0	218.583
118.0	219.252
120.0	227.117
122.0	218.914
124.0	199.943
126.0	204.704
128.0	250.805
130.0	218.52
132.0	230.855
134.0	215.249
136.0	204.433
138.0	235.919
140.0	212.729
142.0	200.478
144.0	239.006
146.0	218.135
148.0	218.171
150.0	208.822
152.0	233.658
154.0	216.462
156.0	221.588
158.0	205.148
160.0	237.426
162.0	219.986
164.0	201.302
166.0	243.006
168.0	214.93
170.0	199.908
172.0	244.131
174.0	215.267
176.0	202.02
178.0	228.015
180.0	212.964
182.0	204.033
184.0	223.488
186.0	237.575
188.0	218.774
190.0	219.177
192.0	207.393
194.0	227.91
196.0	215.524
198.0	197.118
200.0	236.262
202.0	208.293
204.0	210.378
206.0	238.667
208.0	218.496
210.0	220.246
212.0	201.29
214.0	236.272
216.0	220.114
218.0	218.805
220.0	202.456
222.0	239.051
224.0	211.496
226.0	213.202
228.0	236.057
230.0	220.387
232.0	216.783
234.0	212.381
236.0	224.186
238.0	217.597
240.0	206.443
242.0	216.153
244.0	232.04
246.0	197.019
248.0	226.032
250.0	223.889
252.0	215.82
254.0	216.149
256.0	206.056
258.0	231.583
260.0	214.954
262.0	198.556
264.0	233.201
266.0	217.849
268.0	216.585
270.0	219.835
272.0	209.825
274.0	230.388
276.0	210.672
278.0	203.082
280.0	237.427
282.0	202.218
284.0	200.608
286.0	237.863
288.0	223.721
290.0	215.362
292.0	200.714
294.0	235.071
296.0	216.948
298.0	215.181
300.0	200.111
302.0	236.337
304.0	209.233
306.0	201.687
308.0	238.028
310.0	220.181
312.0	196.84
314.0	182.82
316.0	175.32
318.0	196.345
320.0	181.659
322.0	186.68
324.0	214.12
326.0	205.944
328.0	207.253
330.0	197.771
332.0	195.738
334.0	225.119
336.0	205.662
338.0	200.389
340.0	191.873
342.0	219.413
344.0	180.616
346.0	172.176
348.0	176.151
350.0	177.041
352.0	190.109
354.0	177.036
356.0	176.014
358.0	199.44
360.0	188.508
362.0	183.285
364.0	181.392
366.0	189.505
368.0	176.233
370.0	192.287
372.0	184.451
374.0	184.182
376.0	176.576
378.0	176.893
380.0	204.988
382.0	188.636
384.0	227.301
386.0	180.449
388.0	185.812
390.0	180.101
392.0	180.778
394.0	178.447
396.0	184.83
398.0	185.115
400.0	181.085
402.0	173.815
404.0	173.251
406.0	193.538
408.0	182.568
410.0	183.22
412.0	175.212
414.0	172.325
416.0	176.301
418.0	175.259
420.0	175.83
422.0	174.847
424.0	174.607
426.0	175.938
428.0	175.616
430.0	223.629
432.0	185.552
434.0	174.511
436.0	175.699
438.0	174.142
440.0	199.715
442.0	181.6
444.0	182.508
446.0	171.665
448.0	179.473
450.0	176.035
452.0	173.424
454.0	174.762
456.0	177.117
458.0	213.065
460.0	173.974
462.0	197.405
464.0	176.313
466.0	173.932
468.0	177.064
470.0	180.192
472.0	181.971
474.0	172.188
476.0	169.696
478.0	190.062
480.0	172.879
482.0	174.081
484.0	174.222
486.0	171.381
488.0	196.933
490.0	172.229
492.0	184.655
494.0	183.838
496.0	172.761
498.0	171.596
500.0	169.806
502.0	171.454
504.0	168.229
506.0	172.772
508.0	195.843
510.0	172.051
512.0	172.09
514.0	174.844
516.0	173.776
518.0	181.546
520.0	177.955
522.0	190.984
524.0	171.902
526.0	173.117
528.0	167.327
530.0	174.771
532.0	170.237
534.0	170.809
536.0	178.158
538.0	177.423
540.0	178.651
542.0	193.679
544.0	170.392
546.0	168.407
548.0	170.127
550.0	179.368
552.0	177.411
554.0	174.353
556.0	179.083
558.0	172.53
560.0	170.384
562.0	172.491
564.0	171.258
566.0	182.941
568.0	177.866
570.0	168.694
572.0	167.054
574.0	169.99
576.0	173.531
578.0	164.053
580.0	167.705
582.0	183.25
584.0	175.772
586.0	167.076
588.0	172.273
590.0	167.559
592.0	175.459
594.0	174.687
596.0	170.193
598.0	171.386
600.0	167.55
602.0	172.28
604.0	170.922
606.0	166.328
608.0	166.408
610.0	186.997
612.0	170.429
614.0	175.768
616.0	177.721
618.0	180.069
620.0	168.866
622.0	171.834
624.0	164.211
626.0	169.339
628.0	169.996
630.0	183.228
632.0	157.09
634.0	140.14
636.0	144.55
638.0	144.287
640.0	148.049
642.0	154.261
644.0	168.722
646.0	169.215
648.0	172.49
650.0	176.98
652.0	173.158
654.0	142.306
656.0	147.178
658.0	175.138
660.0	166.557
662.0	141.859
664.0	156.165
666.0	156.609
668.0	166.455
670.0	166.547
672.0	181.609
674.0	159.087
676.0	134.019
678.0	133.34
680.0	149.108
682.0	153.595
684.0	168.176
686.0	168.454
688.0	168.624
690.0	159.995
692.0	176.289
694.0	168.586
696.0	141.721
698.0	160.838
700.0	146.799
702.0	158.491
704.0	155.486
706.0	164.306
708.0	163.714
710.0	168.308
712.0	167.023
714.0	154.508
716.0	135.529
718.0	164.197
720.0	157.621
722.0	164.395
724.0	133.487
726.0	165.126
728.0	165.022
730.0	168.47
732.0	161.908
734.0	171.414
736.0	132.708
738.0	158.341
740.0	134.603
742.0	139.827
744.0	161.535
746.0	165.322
748.0	148.342
750.0	161.507
752.0	164.576
754.0	170.09
756.0	138.866
758.0	133.691
760.0	161.932
762.0	140.818
764.0	160.56
766.0	152.065
768.0	145.655
770.0	161.203
772.0	157.339
774.0	165.342
776.0	165.47
778.0	158.663
780.0	144.445
782.0	150.946
784.0	158.63
786.0	152.594
788.0	156.993
790.0	155.844
792.0	155.907
794.0	154.631
796.0	163.237
798.0	157.111
800.0	150.022
802.0	132.267
804.0	149.862
806.0	147.981
808.0	151.573
810.0	152.047
812.0	159.612
814.0	161.21
816.0	160.131
818.0	164.397
820.0	148.298
822.0	143.634
824.0	154.538
826.0	140.859
828.0	160.728
830.0	161.671
832.0	152.119
834.0	162.753
836.0	162.774
838.0	158.663
840.0	166.198
842.0	157.899
844.0	153.235
846.0	157.389
848.0	138.388
850.0	149.131
852.0	155.382
854.0	147.295
856.0	156.484
858.0	156.505
860.0	155.683
862.0	159.547
864.0	143.763
866.0	135.51
868.0	133.645
870.0	145.175
872.0	139.434
874.0	156.411
876.0	157.014
878.0	146.368
880.0	155.786
882.0	160.438
884.0	155.97
886.0	146.611
888.0	149.512
890.0	148.798
892.0	134.566
894.0	142.1
896.0	139.279
898.0	142.502
900.0	149.07
902.0	150.47
904.0	156.445
906.0	155.656
908.0	154.673
910.0	147.237
912.0	153.101
914.0	143.702
916.0	143.89
918.0	145.353
920.0	138.79
922.0	158.773
924.0	125.988
926.0	128.86
928.0	171.907
930.0	170.552
932.0	154.645
934.0	138.719
936.0	148.404
938.0	136.634
940.0	140.574
942.0	157.351
944.0	150.761
946.0	145.864
948.0	154.495
950.0	157.896
952.0	158.295
954.0	153.844
956.0	141.582
958.0	133.061
960.0	146.628
962.0	153.675
964.0	155.197
966.0	148.195
968.0	151.08
970.0	151.967
972.0	158.017
974.0	156.896
976.0	142.814
978.0	132.858
980.0	138.07
982.0	158.741
984.0	140.29
986.0	150.93
988.0	152.138
990.0	151.761
992.0	129.125
994.0	164.126
996.0	167.161
998.0	161.897
1000.0	132.274
1002.0	138.797
1004.0	136.469
1006.0	139.894
1008.0	141.412
1010.0	124.844
1012.0	166.371
1014.0	159.674
1016.0	153.268
1018.0	154.722
1020.0	154.973
1022.0	144.249
1024.0	143.497
1026.0	151.626
1028.0	147.41
1030.0	148.622
1032.0	151.355
1034.0	150.052
1036.0	146.121
1038.0	136.93
1040.0	167.949
1042.0	159.163
1044.0	135.724
1046.0	152.839
1048.0	152.312
1050.0	143.676
1052.0	141.51
1054.0	148.39
1056.0	133.554
1058.0	168.832
1060.0	156.925
1062.0	146.503
1064.0	155.343
1066.0	137.022
1068.0	115.042
1070.0	153.732
1072.0	146.429
1074.0	128.465
1076.0	140.776
1078.0	168.695
1080.0	166.919
1082.0	152.827
1084.0	149.898
1086.0	156.184
1088.0	152.385
1090.0	144.509
1092.0	132.256
1094.0	144.852
1096.0	148.008
1098.0	153.172
1100.0	149.337
1102.0	154.533
1104.0	148.793
1106.0	156.642
1108.0	151.53
1110.0	154.656
1112.0	137.628
1114.0	139.674
1116.0	142.871
1118.0	149.917
1120.0	144.489
1122.0	148.29
1124.0	153.536
1126.0	158.48
1128.0	154.543
1130.0	155.219
1132.0	142.576
1134.0	141.722
1136.0	147.545
1138.0	139.422
1140.0	146.839
1142.0	142.979
1144.0	134.292
1146.0	150.31
1148.0	103.918
1150.0	166.531
1152.0	168.663
1154.0	176.466
1156.0	144.006
1158.0	140.316
1160.0	134.961
1162.0	143.79
1164.0	144.932
1166.0	153.129
1168.0	143.008
1170.0	150.166
1172.0	159.245
1174.0	158.539
1176.0	143.833
1178.0	143.103
1180.0	156.655
1182.0	147.009
1184.0	140.964
1186.0	143.667
1188.0	151.933
1190.0	146.75
1192.0	148.073
1194.0	151.932
1196.0	151.896
1198.0	154.963
1200.0	150.965
