 3597
 3612
 3616
 3623
 3680
 3708
 3741
 3780
 3820
 3826
 3827
 3845
 3860
 3875
 3905
 3909
 3914
 3915
 3923
 3928
 3931
 3934
 3936
 3953
 3955
 3957
 3957
 3958
 3964
 3974
 4004
 4006
 4010
 4010
 4012
 4015
 4017
 4025
 4027
 4038
 4039
 4052
 4053
 4060
 4064
 4072
 4073
 4101
 4102
 4108
 4109
 4117
 4121
 4125
 4140
 4146
 4148
 4156
 4162
 4177
 4180
 4189
 4190
 4194
 4197
 4204
 4208
 4209
 4222
 4222
 4236
 4258
 4260
 4262
 4262
 4263
 4264
 4268
 4269
 4279
 4280
 4288
 4288
 4289
 4291
 4294
 4296
 4297
 4300
 4303
 4306
 4308
 4309
 4311
 4314
 4317
 4326
 4326
 4331
 4333
 4336
 4337
 4342
 4343
 4345
 4346
 4358
 4361
 4363
 4366
 4366
 4371
 4375
 4379
 4390
 4392
 4411
 4414
 4414
 4422
 4428
 4447
 4458
 4465
 4470
 4474
 4477
 4484
 4497
 4508
 4520
 4523
 4540
 4547
 4561
 4570
 4571
 4577
 4582
 4594
 4595
 4601
 4605
 4610
 4619
 4642
 4648
 4656
 4660
 4675
 4677
 4689
 4690
 4692
 4698
 4704
 4707
 4709
 4711
 4713
 4715
 4717
 4728
 4731
 4737
 4741
 4756
 4775
 4789
 4791
 4797
 4798
 4799
 4808
 4828
 4883
 4888
 4890
 4920
 4956
 4980
 4990
 5000
 5009
 5017
 5028
 5071
 5076
 5097
 5110
 5126
 5133
 5134
 5141
 5148
 5160
 5175
 5177
 5178
 5179
 5184
 5189
 5198
 5223
 5225
 5227
 5228
 5230
 5235
 5243
 5251
 5256
 5260
 5265
 5269
 5273
 5276
 5278
 5294
 5303
 5317
 5326
 5334
 5342
 5343
 5347
 5355
 5357
 5366
 5367
 5369
 5372
 5376
 5381
 5382
 5391
 5391
 5393
 5394
 5399
 5400
 5401
 5402
 5407
 5407
 5412
 5412
 5412
 5423
 5423
 5423
 5426
 5431
 5436
 5437
 5442
 5442
 5444
 5445
 5446
 5453
 5460
 5461
 5466
 5466
 5470
 5472
 5477
 5479
 5482
 5484
 5486
 5491
 5496
 5508
 5511
 5512
 5516
 5516
 5522
 5522
 5523
 5523
 5526
 5528
 5529
 5532
 5533
 5538
 5538
 5546
 5552
 5555
 5558
 5574
 5574
 5576
 5578
 5579
 5583
 5586
 5588
 5589
 5593
 5594
 5601
 5603
 5609
 5623
 5631
 5632
 5643
 5646
 5647
 5647
 5649
 5649
 5650
 5651
 5652
 5655
 5656
 5658
 5662
 5662
 5666
 5676
 5681
 5690
 5691
 5695
 5701
 5703
 5705
 5707
 5720
 5723
 5723
 5723
 5726
 5730
 5732
 5736
 5764
 5765
 5766
 5767
 5781
 5786
 5788
 5798
 5802
 5807
 5808
 5812
 5815
 5816
 5829
 5829
 5862
 5867
 5896
 5899
 5901
 5908
 5909
 5910
 5923
 5925
 5926
 5938
 5941
 5944
 5962
 5967
 5971
 5985
 5986
 5998
 6003
 6005
 6013
 6019
 6020
 6021
 6027
 6029
 6033
 6035
 6036
 6047
 6047
 6052
 6066
 6072
 6073
 6078
 6086
 6088
 6092
 6094
 6102
 6104
 6105
 6105
 6107
 6111
 6113
 6116
 6122
 6125
 6125
 6130
 6140
 6142
 6143
 6147
 6149
 6150
 6156
 6159
 6167
 6174
 6176
 6178
 6184
 6186
 6188
 6188
 6193
 6193
 6198
 6200
 6203
 6210
 6213
 6216
 6222
 6229
 6229
 6236
 6241
 6245
 6250
 6251
 6255
 6262
 6270
 6271
 6272
 6272
 6280
 6291
 6291
 6295
 6297
 6300
 6301
 6302
 6303
 6310
 6317
 6318
 6322
 6327
 6344
 6346
 6352
 6364
 6370
 6372
 6376
 6380
 6384
 6387
 6388
 6390
 6397
 6411
 6422
 6423
 6426
 6426
 6438
 6441
 6444
 6444
 6460
 6467
 6468
 6471
 6474
 6475
 6477
 6477
 6478
 6484
 6497
 6499
 6509
 6511
 6516
 6521
 6532
 6532
 6533
 6545
 6546
 6550
 6550
 6555
 6566
 6577
 6577
 6604
 6608
 6611
 6624
 6627
 6642
 6644
 6644
 6650
 6652
 6659
 6660
 6667
 6668
 6673
 6678
 6679
 6681
 6682
 6686
 6688
 6689
 6701
 6708
 6713
 6719
 6745
 6749
 6757
 6764
 6776
 6784
 6786
 6790
 6793
 6793
 6799
 6815
 6816
 6816
 6830
 6848
 6852
 6853
 6867
 6878
 6889
 6897
 6897
 6922
 6924
 6928
 6932
 6946
 6955
 6960
 7014
 7024
 7047
 7073
 7081
 7097
 7104
 7135
 7139
 7147
 7168
 7169
 7187
 7189
 7194
 7202
 7216
 7226
 7245
 7245
 7275
 7278
 7286
 7461
 7482
 7538
 7625
 7728
 8424
 9340
