# timestamp	command count (MB)\n
170.969 41
171.969 208
172.969 222
173.969 246
174.969 293
175.969 246
177.333 220
178.333 262
179.334 244
180.333 307
181.333 247
182.333 419
183.797 122
184.798 399
185.9 156
187.053 301
188.053 328
189.054 311
190.082 324
191.081 323
192.081 335
193.675 167
194.673 331
195.672 211
196.788 310
197.789 326
198.788 331
199.788 383
201.776 303
202.777 289
203.777 307
204.776 246
205.777 318
206.776 105
207.984 185
208.98 316
209.982 237
210.985 188
211.985 255
213.019 227
214.016 314
215.017 228
216.016 309
217.016 269
218.222 173
219.22 322
220.22 183
221.221 272
222.22 219
223.221 248
224.22 306
225.271 214
226.269 268
227.268 332
228.269 243
229.269 231
230.312 201
231.313 265
232.314 244
233.312 265
234.312 294
235.36 347
236.36 240
237.361 310
238.365 248
239.368 122
240.372 413
241.376 446
242.381 314
244.209 266
245.213 233
246.217 326
247.291 200
248.293 283
249.297 256
250.301 267
251.306 336
252.309 204
253.313 291
254.386 321
255.39 204
256.394 328
257.398 190
258.402 258
259.405 249
260.416 267
261.417 304
262.43 333
263.433 252
264.438 340
265.816 217
266.822 273
267.825 286
268.854 280
269.857 294
270.862 271
271.866 288
272.871 340
273.875 257
274.878 340
275.882 256
276.886 329
277.952 333
278.954 307
280.026 346
281.026 284
282.048 347
283.053 261
284.056 305
285.059 397
286.062 226
287.066 345
288.07 257
290.445 251
291.446 290
292.451 265
293.455 355
294.459 277
295.464 348
296.467 275
297.472 318
298.476 355
299.532 126
300.536 301
301.539 286
302.543 269
303.547 298
304.551 292
305.551 361
306.556 282
307.559 353
308.563 296
309.568 333
310.571 352
311.575 292
312.58 362
313.583 272
314.588 372
315.592 273
317.271 219
318.273 315
319.275 315
320.28 353
321.335 156
322.336 279
323.427 367
324.428 325
325.432 310
326.437 343
327.439 308
328.445 336
329.448 319
330.453 309
331.457 306
332.46 308
333.465 372
334.47 296
335.473 377
336.476 285
337.48 228
338.484 341
339.488 377
340.595 374
341.596 310
342.601 381
343.604 281
344.628 387
345.633 288
346.743 165
347.745 335
348.749 314
349.753 388
350.756 161
351.76 364
352.877 337
353.881 268
354.886 378
355.889 312
356.893 363
357.897 335
358.901 347
359.904 382
360.909 295
361.913 378
362.916 304
363.921 384
364.924 307
365.929 379
366.953 179
367.957 359
368.96 313
369.965 383
370.968 319
371.974 384
372.976 305
373.981 384
374.986 358
375.988 355
376.993 236
377.996 390
379.001 337
380.005 395
381.404 366
382.405 303
383.408 419
384.414 324
385.417 403
386.427 345
387.429 342
388.433 389
389.439 310
390.442 464
391.447 267
392.45 411
393.457 306
394.462 418
395.465 336
396.469 208
397.473 375
398.478 408
399.481 226
400.486 408
401.523 205
402.526 303
403.529 460
404.533 298
405.538 378
406.542 362
407.552 396
408.553 409
409.557 305
410.561 336
411.566 323
412.569 424
413.574 315
414.577 390
415.62 367
416.621 408
417.627 370
418.629 357
419.633 381
420.637 404
421.642 387
422.646 386
423.649 404
424.653 299
425.658 452
426.663 358
427.665 398
428.669 281
429.674 391
430.678 392
431.681 395
432.687 382
433.689 424
434.693 393
435.697 405
436.701 452
437.709 379
438.713 375
439.717 495
440.721 305
441.726 215
442.729 383
443.74 460
444.741 314
445.745 408
446.749 347
447.754 391
448.757 412
449.761 404
450.765 389
451.769 367
452.773 349
453.777 398
454.782 410
455.834 393
456.839 381
457.842 402
458.845 371
459.85 411
460.854 405
461.857 360
462.861 359
463.866 401
464.869 422
465.874 399
466.879 399
467.882 391
468.885 354
469.986 379
470.989 407
471.994 375
472.997 324
474.002 419
475.002 348
476.005 363
477.005 362
478.072 410
479.092 419
480.09 405
481.089 367
482.09 407
483.095 405
484.094 453
485.093 392
486.094 389
487.094 403
488.094 406
489.094 318
490.093 346
491.163 361
492.35 436
493.582 423
494.581 413
495.582 382
496.582 426
497.582 350
498.582 425
499.581 355
500.582 326
501.582 418
502.582 421
503.582 420
504.582 402
505.582 425
506.581 401
507.596 410
508.613 446
509.614 390
510.614 330
511.613 379
512.613 416
513.614 430
514.614 364
515.613 429
516.623 403
517.622 422
518.621 288
519.622 421
520.622 367
521.622 386
522.621 396
523.621 407
524.629 430
525.629 413
526.629 427
527.629 391
528.629 414
529.629 418
530.773 431
531.773 408
532.774 289
533.774 349
534.774 360
535.805 418
536.805 416
537.81 397
538.81 343
539.809 429
540.81 357
541.809 417
542.809 418
543.809 405
544.81 411
545.809 407
546.81 412
547.81 416
548.809 435
549.809 446
550.829 442
551.829 388
552.829 325
553.829 391
554.829 434
555.83 434
556.83 416
557.852 358
558.849 450
559.85 335
560.849 421
561.85 390
562.849 390
563.849 399
564.85 418
565.849 455
566.868 419
567.865 411
568.865 442
569.865 427
570.866 419
571.866 428
572.946 426
573.946 426
574.946 276
575.946 394
576.946 419
577.945 423
578.945 366
579.948 454
580.994 454
582.004 411
583.001 357
584.002 350
585.001 432
586.001 414
587.001 421
588.001 441
589.001 428
590.001 436
591.002 444
592.002 448
593 392
594.18 454
595.177 417
596.177 329
597.176 448
598.177 315
599.178 371
600.238 413
601.39 434
602.445 438
603.446 457
604.447 457
605.582 423
606.587 444
607.584 377
608.585 434
609.585 433
610.586 435
611.585 448
612.585 427
613.585 438
614.611 387
615.609 411
616.61 307
617.609 345
618.609 449
619.609 430
620.617 357
621.705 440
622.705 418
623.705 447
624.704 415
625.705 392
626.705 373
627.704 432
628.705 420
629.705 411
630.704 425
631.704 420
632.704 453
633.705 425
634.706 445
635.705 422
636.706 406
637.705 436
638.705 331
639.704 409
640.8 436
641.798 428
642.797 376
643.797 421
644.796 399
645.796 433
646.796 453
647.796 400
648.802 420
649.8 416
650.801 427
651.801 413
652.801 418
653.8 411
654.8 445
655.801 444
656.801 427
657.8 380
658.8 382
660.001 460
661 424
662 334
663 436
664.001 377
665 374
666.001 452
667.003 406
668.08 474
669.155 447
670.152 417
671.152 441
672.153 434
673.152 427
674.153 441
675.153 420
676.152 427
677.154 437
678.152 450
679.314 477
680.313 432
681.312 383
682.312 352
683.313 433
684.312 385
685.312 406
686.317 451
687.319 451
688.318 451
689.316 429
690.316 445
691.316 398
692.316 449
693.316 430
694.316 449
695.316 439
696.315 442
697.35 475
698.36 458
699.36 448
700.36 437
701.361 428
702.36 355
703.36 450
704.36 448
705.361 453
706.364 398
707.364 440
708.365 407
709.363 372
710.365 403
711.365 451
712.364 413
713.364 426
714.397 470
715.396 436
716.396 438
717.396 434
718.397 458
719.396 463
720.396 386
721.396 450
722.395 389
723.458 452
724.456 433
725.456 363
726.457 359
727.457 367
728.455 401
729.547 461
730.545 432
731.543 384
732.544 450
733.544 445
734.543 409
735.544 431
736.544 451
737.544 393
738.544 456
739.544 447
740.543 448
741.544 456
742.544 449
743.543 448
744.543 454
745.544 445
746.544 330
747.544 444
748.544 399
749.544 452
750.568 358
751.571 489
752.575 335
753.579 454
754.583 384
755.588 404
756.592 423
757.595 423
758.648 461
759.677 459
760.687 453
761.691 412
762.696 444
763.701 459
764.704 471
765.708 454
766.713 427
767.716 434
768.72 374
769.725 458
770.728 464
771.733 462
772.758 409
773.866 445
774.872 460
775.876 396
776.881 468
777.884 389
778.888 437
779.893 432
780.897 426
781.901 440
782.904 463
783.914 462
784.916 366
785.92 429
786.925 483
787.928 460
788.932 440
789.937 429
790.941 453
791.945 355
792.957 402
794.012 471
795.027 468
796.03 438
797.032 360
798.037 427
799.042 395
800.045 421
801.049 456
802.053 441
803.057 460
804.061 460
805.104 486
806.105 425
807.109 439
808.113 465
809.117 479
810.122 460
811.126 447
812.129 463
813.133 458
814.138 378
815.142 429
816.296 465
817.298 443
818.301 404
819.306 381
820.309 468
821.313 460
822.318 449
823.323 435
824.327 471
825.329 418
826.333 464
827.383 460
828.386 467
829.405 481
830.407 458
831.41 458
832.414 457
833.419 463
834.423 454
835.426 397
836.43 330
837.523 472
838.526 480
839.531 371
840.534 456
841.539 455
842.543 473
843.547 360
844.55 416
845.554 475
846.558 470
847.562 464
848.566 437
849.634 504
850.638 422
851.644 473
852.648 486
853.65 452
854.655 441
855.659 466
856.662 462
857.667 382
858.67 414
859.863 500
860.873 432
861.873 458
862.883 427
863.883 372
864.883 407
865.893 467
866.893 397
867.913 461
868.983 470
870.013 469
871.083 485
872.083 441
873.083 458
874.093 473
875.093 459
876.103 451
877.103 469
878.103 449
879.113 466
880.113 466
881.123 404
882.223 468
883.223 463
884.223 471
885.233 476
886.233 376
887.243 472
888.243 406
889.243 471
890.253 478
891.253 460
892.263 457
893.293 491
894.363 484
895.373 455
896.373 445
897.383 477
898.383 475
899.383 431
900.393 463
901.393 434
902.403 402
903.413 427
904.453 491
905.483 489
906.483 441
907.493 471
908.493 406
909.493 425
910.503 479
911.503 397
912.503 461
913.513 460
914.513 455
915.553 511
916.553 430
917.553 447
918.563 456
919.563 479
920.563 467
921.573 464
922.573 470
923.583 410
924.583 383
925.593 446
926.843 513
927.853 442
928.853 387
929.863 415
930.863 407
931.873 468
932.873 464
933.873 455
934.883 477
935.883 465
936.883 447
937.893 472
938.923 503
939.933 480
940.943 436
941.943 475
942.943 473
943.953 451
944.953 431
945.963 465
946.963 473
947.963 462
948.993 455
950.243 512
951.243 461
952.253 397
953.253 474
954.263 407
955.263 488
956.273 475
957.273 454
958.273 421
959.283 486
960.283 463
961.293 473
962.333 532
963.333 456
964.343 469
965.343 464
966.343 473
967.353 443
968.353 472
969.363 466
970.363 411
971.373 484
972.543 476
973.553 494
974.553 388
975.563 430
976.563 479
977.573 467
978.573 434
979.573 430
980.583 470
981.583 499
982.593 461
983.603 489
984.613 469
985.613 460
986.623 483
987.623 471
988.633 474
989.633 468
990.633 463
991.643 419
992.663 421
993.853 533
994.853 436
995.853 454
996.863 474
997.863 404
998.873 420
999.873 461
1000.87 442
1001.88 435
1002.89 455
1003.89 495
1004.9 426
1005.9 439
1006.91 483
1007.91 464
1008.91 475
1009.92 485
1010.92 473
1011.93 456
1012.93 463
1014.1 500
1015.11 447
1016.11 486
1017.11 483
1018.12 494
1019.12 373
1020.13 376
1021.13 452
1022.13 499
1023.14 463
1024.15 455
1025.15 444
1026.15 470
1027.16 450
1028.16 455
1029.17 493
1030.17 489
1031.17 452
1032.18 488
1033.18 458
1034.19 525
1035.24 465
1036.24 468
1037.25 425
1038.25 480
1039.25 467
1040.26 485
1041.26 428
1042.27 444
1043.27 468
1044.28 444
1045.37 516
1046.37 437
1047.37 464
1048.38 485
1049.38 435
1050.39 453
1051.39 451
1052.4 474
1053.4 468
1054.4 493
1055.42 515
1056.42 485
1057.43 465
1058.43 492
1059.43 402
