# timestamp	memory footprint (MB)\n
170.969 0
171.969 1
172.969 2
173.969 0
174.969 2
175.969 4
177.333 1
178.333 1
179.334 1
180.333 3
181.333 0
182.333 3
183.797 0
184.798 3
185.9 0
187.053 2
188.053 2
189.054 2
190.082 4
191.081 2
192.081 5
193.675 1
194.673 2
195.672 1
196.788 1
197.789 2
198.788 4
199.788 3
201.777 1
202.777 1
203.777 4
204.776 1
205.777 3
206.776 4
207.984 1
208.98 3
209.982 1
210.985 2
211.985 1
213.019 1
214.016 3
215.017 0
216.016 2
217.016 4
218.222 1
219.22 4
220.22 1
221.221 2
222.22 1
223.221 0
224.22 3
225.271 4
226.269 2
227.268 4
228.269 2
229.269 3
230.312 0
231.313 0
232.314 0
233.312 2
234.312 2
235.36 4
236.36 2
237.361 4
238.365 1
239.368 2
240.372 1
241.376 4
242.381 2
244.209 4
245.213 1
246.217 3
247.291 0
248.293 1
249.297 1
250.301 1
251.306 3
252.309 4
253.313 2
254.386 4
255.39 1
256.394 3
257.398 1
258.402 0
259.405 2
260.416 2
261.417 2
262.43 4
263.433 1
264.438 4
265.816 1
266.822 0
267.825 2
268.854 2
269.857 2
270.862 1
271.866 1
272.871 3
273.875 1
274.878 3
275.882 0
276.886 2
277.952 4
278.954 2
280.026 4
281.026 2
282.048 4
283.053 2
284.056 2
285.059 4
286.062 2
287.066 4
288.07 1
290.445 3
291.446 1
292.451 1
293.455 3
294.459 1
295.464 3
296.467 1
297.472 0
298.476 3
299.532 3
300.536 2
301.539 1
302.543 1
303.547 1
304.551 0
305.551 3
306.556 5
307.559 3
308.563 5
309.568 2
310.571 4
311.575 1
312.58 4
313.583 1
314.588 4
315.592 1
317.271 3
318.273 2
319.275 1
320.28 4
321.335 5
322.336 2
323.427 4
324.428 2
325.432 1
326.437 1
327.439 1
328.445 2
329.448 2
330.453 1
331.457 1
332.46 1
333.465 3
334.47 1
335.473 3
336.476 5
337.48 0
338.484 2
339.488 2
340.595 5
341.596 2
342.601 5
343.604 2
344.628 4
345.633 2
346.743 3
347.745 2
348.749 1
349.753 4
350.756 5
351.76 3
352.877 5
353.881 2
354.886 4
355.889 2
356.893 2
357.897 1
358.901 1
359.904 4
360.909 1
361.913 3
362.916 0
363.921 3
364.924 5
365.929 3
366.953 4
367.957 2
368.96 1
369.965 4
370.968 1
371.974 4
372.976 1
373.981 3
374.986 1
375.988 3
376.993 5
377.996 3
379.001 5
380.005 3
381.404 5
382.405 2
383.408 5
384.414 2
385.417 4
386.427 2
387.429 3
388.433 5
389.439 1
390.442 4
391.447 2
392.45 4
393.457 0
394.462 3
395.465 6
396.469 1
397.473 2
398.478 5
399.481 1
400.486 4
401.523 5
402.526 2
403.529 5
404.533 2
405.538 2
406.542 2
407.552 2
408.553 2
409.557 2
410.561 1
411.566 1
412.569 1
413.574 0
414.577 0
415.62 3
416.621 3
417.627 2
418.629 2
419.633 2
420.637 2
421.642 1
422.646 1
423.649 1
424.653 3
425.658 1
426.663 4
427.665 2
428.669 1
429.674 1
430.678 1
431.681 1
432.687 0
433.689 1
434.693 1
435.697 0
436.701 2
437.709 5
438.713 3
439.717 3
440.721 3
441.726 0
442.729 3
443.74 3
444.741 2
445.745 2
446.749 1
447.754 1
448.757 2
449.761 2
450.765 2
451.769 1
452.773 1
453.777 0
454.782 0
455.834 3
456.839 2
457.842 2
458.845 2
459.85 2
460.854 1
461.857 1
462.861 0
463.866 0
464.869 2
465.874 1
466.879 1
467.882 1
468.885 0
469.986 3
470.989 3
471.994 2
472.997 2
474.002 1
475.002 1
476.005 0
477.005 3
478.072 3
479.092 3
480.09 3
481.089 2
482.09 2
483.095 2
484.094 3
485.093 3
486.094 3
487.094 2
488.094 2
489.094 1
490.093 0
491.163 3
492.35 3
493.582 3
494.581 3
495.582 3
496.582 2
497.582 2
498.582 2
499.581 1
500.582 1
501.582 1
502.582 1
503.582 1
504.582 0
505.582 3
506.581 3
507.596 3
508.613 3
509.614 2
510.614 2
511.613 1
512.613 1
513.614 1
514.614 3
515.613 3
516.623 3
517.622 3
518.621 1
519.622 1
520.622 1
521.622 0
522.621 0
523.621 3
524.629 3
525.629 1
526.629 1
527.629 0
528.629 3
529.629 3
530.773 3
531.773 2
532.774 1
533.774 1
534.774 2
535.805 3
536.805 3
537.81 2
538.81 2
539.809 2
540.81 1
541.809 1
542.809 1
543.809 1
544.81 1
545.809 1
546.81 0
547.81 3
548.809 3
549.809 3
550.829 3
551.829 2
552.829 2
553.829 1
554.829 1
555.83 1
556.83 1
557.852 3
558.849 3
559.85 2
560.849 2
561.85 1
562.849 1
563.849 0
564.85 0
565.849 3
566.868 3
567.865 1
568.865 1
569.865 1
570.866 0
571.866 3
572.946 3
573.946 3
574.946 1
575.946 1
576.946 1
577.945 0
578.945 3
579.948 3
580.994 3
582.004 3
583.001 2
584.002 1
585.001 1
586.001 1
587.001 1
588.001 1
589.001 1
590.001 1
591.002 1
592.002 0
593 3
594.18 3
595.177 3
596.177 2
597.176 2
598.177 1
599.178 0
600.238 3
601.39 3
602.445 3
603.446 3
604.447 3
605.582 3
606.587 3
607.584 2
608.585 2
609.585 2
610.586 1
611.585 1
612.585 1
613.585 1
614.611 3
615.609 3
616.61 2
617.609 1
618.609 1
619.609 1
620.617 3
621.705 3
622.705 3
623.705 3
624.704 2
625.705 2
626.706 1
627.704 1
628.705 1
629.705 0
630.704 3
631.704 3
632.704 2
633.705 2
634.706 2
635.705 2
636.706 1
637.705 1
638.705 0
639.704 3
640.8 3
641.798 3
642.797 2
643.797 2
644.796 2
645.796 1
646.796 1
647.796 1
648.802 0
649.8 3
650.801 3
651.801 3
652.801 2
653.8 2
654.8 2
655.801 1
656.801 1
657.8 0
658.8 3
660.001 3
661 3
662 2
663 2
664.001 1
665 0
666.001 0
667.003 3
668.08 3
669.155 3
670.152 3
671.152 3
672.153 2
673.152 2
674.153 2
675.153 0
676.152 0
677.154 3
678.152 3
679.314 3
680.313 3
681.312 2
682.312 1
683.313 1
684.312 0
685.312 3
686.317 3
687.319 3
688.318 3
689.316 2
690.316 2
691.316 2
692.316 2
693.316 1
694.316 1
695.316 1
696.315 1
697.35 3
698.36 3
699.36 3
700.36 3
701.361 2
702.36 1
703.36 1
704.36 1
705.361 0
706.364 3
707.364 3
708.365 2
709.363 1
710.365 1
711.365 1
712.364 0
713.364 3
714.397 3
715.396 3
716.396 3
717.396 2
718.397 2
719.396 1
720.396 1
721.396 1
722.395 3
723.458 3
724.456 3
725.456 2
726.457 1
727.457 3
728.455 3
729.547 3
730.545 3
731.543 2
732.544 2
733.544 2
734.543 2
735.544 1
736.544 1
737.544 1
738.544 1
739.544 1
740.543 1
741.544 1
742.544 0
743.543 3
744.543 3
745.544 3
746.544 2
747.544 1
748.544 1
749.544 1
750.568 3
751.571 3
752.575 2
753.579 2
754.583 1
755.588 1
756.592 1
757.595 3
758.648 3
759.677 3
760.687 3
761.691 2
762.696 2
763.701 3
764.704 3
765.708 2
766.713 2
767.716 2
768.72 1
769.725 1
770.728 1
771.733 1
772.758 3
773.866 3
774.872 3
775.876 2
776.881 2
777.884 1
778.888 1
779.893 1
780.897 0
781.901 3
782.904 3
783.914 3
784.916 2
785.92 2
786.925 2
787.928 2
788.932 2
789.937 2
790.941 1
791.945 0
792.957 3
794.012 3
795.027 3
796.03 3
797.032 2
798.037 2
799.042 1
800.045 1
801.049 0
802.053 0
803.057 0
804.061 3
805.104 3
806.105 3
807.109 3
808.113 2
809.117 2
810.122 2
811.126 2
812.129 2
813.133 1
814.138 1
815.142 3
816.296 3
817.298 3
818.301 2
819.306 1
820.309 2
821.313 1
822.318 1
823.323 1
824.327 1
825.329 4
826.333 3
827.383 3
828.386 3
829.405 3
830.407 3
831.41 3
832.414 2
833.419 2
834.423 2
835.426 1
836.43 3
837.523 3
838.526 3
839.531 2
840.534 2
841.539 2
842.543 2
843.547 1
844.55 0
845.554 0
846.558 0
847.562 3
848.566 3
849.634 3
850.638 3
851.644 3
852.648 3
853.65 2
854.655 2
855.659 2
856.662 1
857.667 1
858.67 3
859.863 3
860.873 3
861.873 3
862.883 2
863.883 1
864.883 1
865.893 1
866.893 3
867.913 3
868.983 3
870.013 3
871.083 3
872.083 3
873.083 3
874.093 3
875.093 2
876.103 2
877.103 2
878.103 1
879.113 1
880.113 1
881.123 4
882.223 3
883.223 3
884.223 3
885.233 3
886.233 2
887.243 2
888.243 1
889.243 1
890.253 1
891.253 0
892.263 3
893.293 3
894.363 3
895.373 3
896.373 2
897.383 2
898.383 2
899.383 2
900.393 2
901.393 1
902.403 0
903.413 3
904.453 3
905.483 3
906.483 3
907.493 3
908.493 2
909.493 2
910.503 1
911.503 1
912.503 0
913.513 4
914.513 3
915.553 3
916.553 3
917.553 3
918.563 2
919.563 2
920.563 2
921.573 2
922.573 2
923.583 1
924.583 0
925.593 3
926.843 3
927.853 3
928.853 2
929.863 2
930.863 1
931.873 1
932.873 1
933.873 1
934.883 1
935.883 1
936.883 0
937.893 4
938.923 3
939.933 3
940.943 3
941.943 2
942.943 2
943.953 1
944.953 1
945.963 1
946.963 1
947.963 0
948.993 3
950.243 3
951.243 3
952.253 2
953.253 2
954.263 1
955.263 1
956.273 1
957.273 1
958.273 0
959.283 0
960.283 4
961.293 3
962.333 3
963.333 3
964.343 2
965.343 2
966.343 2
967.353 1
968.353 1
969.363 1
970.363 4
971.373 4
972.543 3
973.553 3
974.553 2
975.563 2
976.563 2
977.573 1
978.573 1
979.573 0
980.583 4
981.583 4
982.593 3
983.603 3
984.613 3
985.613 3
986.623 2
987.623 2
988.633 2
989.633 1
990.633 1
991.643 0
992.663 3
993.853 3
994.853 3
995.853 2
996.863 2
997.863 2
998.873 1
999.873 1
1000.87 1
1001.88 4
1002.89 3
1003.89 3
1004.9 2
1005.9 2
1006.91 2
1007.91 2
1008.91 1
1009.92 1
1010.92 0
1011.93 0
1012.93 3
1014.1 3
1015.11 3
1016.11 3
1017.11 3
1018.12 2
1019.12 1
1020.13 1
1021.13 0
1022.13 4
1023.14 3
1024.15 3
1025.15 3
1026.15 3
1027.16 2
1028.16 2
1029.17 2
1030.17 2
1031.17 1
1032.18 1
1033.18 4
1034.19 1
1035.24 4
1036.24 3
1037.25 2
1038.25 2
1039.25 2
1040.26 2
1041.26 1
1042.27 1
1043.27 0
1044.28 3
1045.37 3
1046.37 3
1047.37 3
1048.38 3
1049.38 2
1050.39 2
1051.39 1
1052.4 1
1053.4 0
1054.4 3
1055.42 3
1056.42 3
1057.43 3
1058.43 3
1059.43 2
