# timestamp	utilization (%) \n
-135.455 0
-130.411 0
-125.236 0
-116.84 0
-110.64 0
-105.455 0
-99.396 0
-93.1803 0
-85.6412 0
-78.5731 0
-72.0444 0
-64.9057 0
-58.8655 0
-53.0182 0
-47.3778 0
-40.0468 0
-34.3348 0
-28.4388 0
-22.9828 0
-17.2268 0
-10.2738 0
-5.0578 0
1.2102 0
7.2232 0
13.4072 0
18.4642 0
24.1882 0
30.2122 0
35.9282 0
42.6892 0
50.0482 0
55.2052 0
61.3052 0
67.4662 0
72.5452 0
78.4012 0
84.5852 0
90.3182 0
96.1822 0
101.202 0
108.664 0
113.764 0
120.177 0
126.411 0
131.409 0
137.262 0
143.793 0
150.69 0
156.889 0
162.457 0
168.881 0
173.969 0
179.334 0
184.798 0
190.082 1
195.672 1
201.777 1
206.776 2
211.985 2
217.016 2
222.22 2
227.268 3
232.314 3
237.361 3
242.381 4
248.293 4
253.313 4
258.402 5
263.433 5
268.854 5
273.875 6
278.954 6
284.056 6
290.445 7
295.464 7
300.536 7
305.551 8
310.571 8
315.592 9
321.335 9
326.437 9
331.457 10
336.476 10
341.596 10
346.743 11
351.76 11
356.893 11
361.913 12
366.953 12
371.974 13
376.993 13
382.405 13
387.429 14
392.45 14
397.473 15
402.526 15
407.552 15
412.569 16
417.627 16
422.646 17
427.665 17
432.687 17
437.709 18
442.729 18
447.754 18
452.773 18
457.842 18
462.861 18
467.882 19
472.997 19
478.072 19
483.095 19
488.094 19
493.582 19
498.582 19
503.582 20
508.613 20
513.614 20
518.621 20
523.621 20
528.629 20
533.774 20
538.81 20
543.809 21
548.809 21
553.829 21
558.849 21
563.849 21
568.865 21
573.946 21
578.945 21
584.002 21
589.001 22
594.18 22
599.178 22
604.447 22
609.585 22
614.611 22
619.609 22
624.704 22
629.705 22
634.706 22
639.704 23
644.796 23
649.8 23
654.8 23
660.001 23
665 23
670.152 23
675.153 23
680.313 23
685.312 23
690.316 23
695.316 23
700.36 23
705.361 23
710.365 23
715.396 24
720.396 24
725.456 24
730.545 24
735.544 24
740.543 24
745.544 24
750.568 24
755.588 24
760.687 24
765.708 24
770.728 24
775.876 24
780.897 24
785.92 24
790.941 24
796.03 24
801.049 24
806.105 24
811.126 24
816.296 24
821.313 24
826.333 25
831.41 25
836.43 25
841.539 25
846.558 25
851.644 25
856.662 25
861.873 25
866.893 25
872.083 25
877.103 25
882.223 25
887.243 25
892.263 25
897.383 25
902.403 25
907.493 25
912.503 25
917.553 25
922.573 25
927.853 25
932.873 25
937.893 25
942.943 25
947.963 25
953.253 25
958.273 25
963.333 26
968.353 25
973.553 26
978.573 26
983.603 26
988.633 26
993.853 26
998.873 26
1003.89 26
1008.91 26
1014.1 26
1019.12 26
1024.15 26
1029.17 26
1034.19 26
1039.25 26
1044.28 26
1049.38 26
1054.4 26
