# timestamp	GC Total Latency (msec)		CP	Meta	Filemap	Cache	Read	Write\n
1098.44 27808 6753 1410 9451 6339 1029 2826
1099.55 27821 6754 1410 9453 6344 1033 2827
1100.69 27838 6757 1411 9457 6351 1035 2827
1101.8 27856 6760 1411 9461 6359 1033 2832
1102.86 27882 6764 1411 9475 6366 1033 2833
1103.93 27886 6767 1410 9475 6369 1032 2833
1105.13 27900 6766 1410 9480 6379 1032 2833
1106.29 27914 6764 1412 9478 6392 1035 2833
1107.46 27927 6766 1413 9485 6395 1036 2832
1108.49 27936 6767 1412 9487 6400 1037 2833
1109.64 27957 6767 1414 9493 6405 1040 2838
1110.77 27973 6767 1415 9497 6413 1043 2838
1111.79 27979 6771 1414 9496 6415 1043 2840
1112.82 27989 6770 1418 9498 6416 1047 2840
1113.85 27999 6776 1418 9494 6422 1047 2842
1115 28009 6776 1418 9499 6427 1047 2842
1116.15 28036 6775 1419 9508 6438 1050 2846
1117.25 28041 6779 1418 9511 6437 1051 2845
1118.47 28063 6778 1417 9515 6450 1054 2849
1119.54 28070 6781 1419 9515 6451 1054 2850
1120.6 28086 6783 1418 9518 6459 1056 2852
1121.61 28099 6783 1419 9525 6460 1057 2855
1122.63 28107 6785 1421 9526 6467 1055 2853
1123.64 28111 6784 1422 9527 6471 1055 2852
1124.8 28130 6786 1423 9525 6484 1058 2854
1125.86 28144 6788 1424 9530 6489 1058 2855
1126.88 28157 6788 1424 9536 6493 1059 2857
1127.94 28158 6790 1426 9539 6489 1057 2857
1128.95 28180 6792 1426 9544 6498 1061 2859
1130.05 28189 6792 1428 9544 6503 1063 2859
1131.31 28212 6793 1428 9553 6514 1066 2858
1132.33 28219 6792 1429 9557 6521 1064 2856
1133.37 28232 6794 1430 9561 6523 1065 2859
1134.62 28258 6793 1432 9568 6535 1070 2860
1135.92 28263 6793 1432 9567 6536 1069 2866
1136.96 28275 6794 1431 9571 6543 1070 2866
1138.06 28296 6794 1431 9578 6553 1073 2867
1139.16 28305 6796 1431 9580 6556 1074 2868
1140.17 28317 6799 1433 9582 6561 1074 2868
1141.17 28331 6799 1430 9585 6572 1077 2868
1142.18 28336 6799 1432 9583 6572 1080 2870
1143.31 28351 6801 1431 9588 6576 1082 2873
1144.43 28361 6802 1432 9587 6583 1084 2873
1145.49 28372 6810 1432 9590 6582 1085 2873
1146.51 28379 6807 1431 9595 6587 1086 2873
1147.66 28400 6806 1432 9594 6601 1090 2877
1148.76 28408 6807 1434 9600 6599 1089 2879
1149.88 28419 6806 1436 9600 6604 1090 2883
1151.05 28432 6804 1436 9601 6615 1090 2886
1152.16 28449 6806 1436 9607 6624 1091 2885
1153.18 28469 6807 1437 9612 6632 1095 2886
1154.22 28481 6808 1435 9616 6640 1095 2887
1155.26 28490 6809 1435 9619 6645 1095 2887
1156.26 28511 6811 1437 9622 6659 1096 2886
1157.29 28512 6811 1437 9621 6662 1095 2886
1158.34 28526 6815 1436 9623 6668 1096 2888
1159.38 28536 6814 1436 9628 6670 1098 2890
1160.46 28544 6814 1434 9633 6674 1098 2891
1161.59 28560 6813 1435 9636 6685 1099 2892
1162.67 28561 6814 1437 9637 6681 1100 2892
1163.75 28576 6816 1434 9643 6689 1102 2892
1164.79 28584 6818 1436 9645 6691 1101 2893
1165.94 28602 6820 1436 9649 6701 1101 2895
1167.03 28612 6822 1435 9647 6710 1103 2895
1168.06 28620 6822 1434 9650 6714 1103 2897
1169.29 28634 6822 1434 9653 6721 1105 2899
1170.48 28656 6825 1434 9657 6732 1107 2901
1171.49 28659 6825 1436 9659 6731 1106 2902
1172.49 28672 6826 1437 9666 6734 1106 2903
1173.57 28686 6830 1436 9668 6743 1107 2902
1174.6 28703 6832 1436 9671 6748 1111 2905
1175.63 28708 6834 1437 9671 6750 1110 2906
1176.82 28730 6836 1438 9677 6759 1112 2908
1177.97 28743 6836 1438 9681 6765 1114 2909
1179.04 28752 6836 1442 9686 6766 1113 2909
1180.2 28761 6839 1441 9692 6769 1112 2908
1181.33 28780 6842 1445 9699 6775 1113 2906
1182.49 28797 6843 1444 9704 6782 1115 2909
1183.61 28812 6848 1446 9706 6783 1115 2914
1184.69 28836 6855 1444 9711 6795 1117 2914
1185.76 28852 6854 1446 9715 6804 1120 2913
1186.92 28851 6855 1446 9716 6802 1118 2914
1187.98 28868 6856 1447 9715 6810 1124 2916
1189.01 28893 6857 1448 9723 6822 1127 2916
1190.04 28897 6857 1446 9723 6827 1127 2917
1191.09 28905 6858 1445 9726 6831 1127 2918
1192.15 28914 6861 1443 9732 6831 1127 2920
1193.2 28921 6865 1444 9734 6830 1127 2921
1194.31 28941 6869 1447 9735 6837 1131 2922
1195.4 28946 6872 1448 9734 6836 1132 2924
1196.43 28945 6871 1448 9737 6834 1131 2924
1197.43 28963 6872 1447 9741 6844 1133 2926
1198.57 28974 6874 1447 9745 6847 1132 2929
1199.64 28986 6873 1446 9751 6850 1136 2930
1200.84 28996 6875 1446 9753 6853 1137 2932
1201.86 29005 6877 1448 9754 6856 1138 2932
1203.01 29013 6880 1447 9757 6858 1139 2932
1204.19 29029 6882 1447 9759 6870 1141 2930
1205.2 29041 6887 1449 9760 6870 1142 2933
1206.23 29052 6886 1449 9761 6878 1144 2934
1207.36 29063 6887 1450 9764 6884 1144 2934
1208.43 29071 6889 1450 9766 6888 1147 2931
1209.52 29092 6892 1452 9772 6893 1150 2933
1210.64 29098 6897 1452 9769 6897 1151 2932
1211.69 29112 6901 1451 9773 6904 1150 2933
1212.96 29123 6899 1452 9775 6909 1153 2935
1214.09 29132 6903 1454 9774 6910 1154 2937
1215.14 29138 6905 1454 9774 6912 1155 2938
1216.16 29157 6906 1453 9781 6922 1156 2939
1217.37 29172 6911 1455 9783 6928 1157 2938
1218.44 29181 6912 1456 9786 6929 1159 2939
1219.45 29187 6911 1455 9789 6931 1160 2941
1220.59 29200 6912 1458 9788 6940 1161 2941
1221.64 29210 6913 1458 9789 6946 1164 2940
1222.65 29220 6915 1460 9790 6946 1165 2944
1223.7 29229 6914 1461 9789 6955 1166 2944
1224.75 29249 6913 1462 9792 6966 1169 2947
1225.77 29254 6914 1464 9790 6968 1167 2951
1226.78 29265 6916 1464 9791 6973 1169 2952
1227.78 29265 6916 1465 9794 6970 1168 2952
1228.89 29277 6918 1465 9795 6979 1169 2951
1229.9 29296 6921 1465 9797 6989 1171 2953
1230.97 29314 6919 1468 9799 6998 1174 2956
1232.1 29328 6924 1468 9802 7004 1174 2956
1233.17 29339 6926 1469 9806 7008 1174 2956
1234.3 29349 6928 1468 9807 7012 1176 2958
1235.32 29352 6929 1469 9810 7010 1175 2959
1236.34 29371 6929 1471 9811 7022 1177 2961
1237.48 29380 6939 1471 9811 7021 1176 2962
1238.53 29396 6941 1471 9811 7029 1179 2965
1239.7 29407 6944 1470 9814 7035 1179 2965
1240.71 29425 6948 1470 9816 7046 1181 2964
1241.72 29433 6948 1471 9816 7052 1182 2964
1242.77 29441 6947 1471 9818 7057 1183 2965
1243.8 29444 6949 1470 9820 7057 1183 2965
1244.85 29452 6949 1470 9820 7065 1184 2964
1245.94 29458 6952 1470 9819 7067 1185 2965
1247.05 29470 6954 1471 9819 7076 1187 2963
1248.16 29473 6954 1469 9823 7073 1188 2966
1249.28 29490 6956 1468 9820 7090 1189 2967
1250.37 29494 6956 1469 9820 7093 1190 2966
1251.44 29510 6955 1470 9822 7104 1190 2969
1252.6 29522 6956 1470 9820 7116 1192 2968
1253.67 29526 6955 1471 9822 7116 1194 2968
1254.74 29529 6957 1470 9820 7119 1194 2969
1255.79 29541 6956 1471 9822 7127 1196 2969
1256.8 29555 6961 1470 9824 7131 1197 2972
1257.94 29560 6960 1470 9826 7132 1196 2976
1258.99 29565 6958 1469 9827 7135 1197 2979
1260.22 29581 6958 1469 9836 7141 1198 2979
1261.29 29589 6958 1469 9839 7145 1199 2979
1262.34 29593 6964 1471 9838 7141 1198 2981
1263.47 29607 6963 1471 9841 7151 1199 2982
1264.53 29611 6965 1472 9838 7155 1199 2982
1265.6 29629 6965 1473 9842 7164 1201 2984
1266.69 29628 6968 1474 9842 7159 1200 2985
1267.81 29643 6970 1476 9844 7168 1201 2984
1268.84 29650 6972 1476 9848 7168 1201 2985
1269.92 29670 6973 1475 9850 7181 1204 2987
1271.08 29670 6974 1476 9853 7177 1203 2987
1272.3 29684 6975 1475 9854 7188 1205 2987
1273.43 29700 6976 1476 9858 7196 1207 2987
1274.44 29704 6982 1475 9856 7196 1207 2988
1275.58 29721 6983 1475 9858 7206 1211 2988
1276.78 29723 6982 1476 9857 7205 1213 2990
1277.84 29733 6982 1476 9860 7212 1214 2989
1278.9 29737 6986 1476 9860 7213 1213 2989
1280.08 29762 6986 1476 9863 7232 1215 2990
1281.09 29766 6989 1477 9864 7231 1215 2990
1282.13 29771 6990 1475 9866 7233 1216 2991
1283.24 29780 6987 1475 9870 7235 1219 2994
1284.3 29781 6987 1477 9871 7232 1220 2994
1285.39 29797 6990 1478 9875 7238 1222 2994
1286.53 29801 6988 1478 9875 7241 1225 2994
1287.55 29807 6988 1477 9873 7249 1226 2994
1288.64 29816 6992 1480 9873 7252 1226 2993
1289.65 29822 6993 1481 9874 7254 1226 2994
1290.66 29832 6995 1480 9877 7258 1227 2995
1291.81 29838 6995 1479 9877 7263 1228 2996
1292.84 29844 6996 1480 9877 7267 1228 2996
1293.99 29856 6998 1481 9879 7269 1234 2995
1295.02 29863 6999 1482 9880 7272 1233 2997
1296.13 29872 7000 1482 9882 7277 1235 2996
1297.22 29883 7000 1482 9884 7283 1237 2997
1298.34 29889 7003 1481 9887 7284 1238 2996
1299.34 29894 7005 1482 9890 7283 1238 2996
1300.35 29899 7005 1482 9892 7286 1238 2996
1301.4 29904 7006 1482 9894 7286 1239 2997
1302.43 29909 7006 1482 9897 7288 1240 2996
1303.47 29919 7013 1483 9897 7290 1240 2996
1304.48 29934 7016 1484 9900 7294 1243 2997
1305.52 29931 7013 1484 9898 7296 1243 2997
1306.52 29937 7016 1484 9899 7297 1243 2998
1307.59 29945 7019 1484 9903 7296 1244 2999
1308.61 29947 7024 1484 9903 7294 1244 2998
1309.71 29950 7023 1483 9904 7296 1246 2998
1310.8 29954 7024 1485 9904 7298 1247 2996
1311.88 29968 7024 1487 9904 7307 1249 2997
1312.9 29972 7024 1486 9903 7310 1250 2999
1313.95 29974 7025 1486 9906 7308 1251 2998
1315.05 29985 7026 1486 9909 7311 1253 3000
1316.07 29988 7027 1486 9911 7313 1252 2999
1317.09 29990 7029 1486 9911 7312 1253 2999
1318.1 29995 7027 1488 9914 7314 1253 2999
1319.1 29998 7027 1488 9917 7311 1254 3001
1320.13 30009 7027 1488 9919 7316 1256 3003
1321.22 30017 7027 1489 9922 7318 1256 3005
1322.32 30019 7030 1487 9921 7320 1254 3007
1323.41 30032 7031 1487 9921 7329 1257 3007
1324.62 30038 7029 1485 9924 7335 1258 3007
1325.89 30052 7030 1486 9925 7342 1260 3009
1327.01 30053 7030 1486 9921 7343 1262 3011
1328.12 30063 7030 1487 9925 7348 1262 3011
1329.44 30066 7030 1487 9924 7349 1262 3014
1330.46 30075 7033 1488 9924 7353 1261 3016
1331.64 30083 7034 1488 9927 7356 1261 3017
1332.7 30087 7034 1487 9928 7360 1263 3015
1333.75 30095 7038 1486 9927 7364 1264 3016
1334.84 30102 7038 1488 9926 7367 1266 3017
1335.93 30109 7041 1487 9928 7369 1265 3019
1336.93 30111 7039 1488 9928 7371 1265 3020
1338.02 30120 7041 1487 9933 7374 1265 3020
1339.05 30123 7039 1488 9934 7376 1266 3020
1340.08 30137 7041 1487 9935 7386 1266 3022
1341.12 30138 7042 1487 9934 7390 1265 3020
1342.14 30146 7041 1488 9940 7390 1266 3021
1343.17 30143 7042 1488 9940 7387 1265 3021
1344.26 30146 7043 1487 9942 7384 1268 3022
1345.27 30155 7043 1488 9944 7389 1269 3022
1346.29 30164 7042 1489 9946 7395 1270 3022
1347.43 30172 7044 1488 9947 7397 1271 3025
1348.55 30188 7047 1489 9950 7402 1274 3026
1349.63 30186 7047 1490 9950 7401 1274 3024
1350.69 30192 7047 1490 9950 7405 1274 3026
1351.82 30199 7049 1490 9951 7404 1275 3030
1352.87 30199 7048 1489 9952 7406 1276 3028
1353.97 30213 7050 1490 9956 7411 1278 3028
1355 30211 7049 1489 9954 7411 1278 3030
1356.07 30220 7050 1487 9954 7417 1280 3032
1357.14 30221 7051 1487 9955 7415 1281 3032
1358.18 30231 7052 1488 9960 7416 1281 3034
1359.3 30245 7052 1488 9962 7423 1285 3035
1360.37 30243 7054 1489 9962 7419 1284 3035
1361.63 30259 7055 1489 9963 7429 1286 3037
1362.64 30257 7054 1488 9961 7431 1286 3037
1363.64 30266 7055 1489 9963 7434 1286 3039
1364.72 30271 7055 1489 9964 7437 1286 3040
1365.75 30277 7058 1491 9963 7438 1286 3041
1366.93 30287 7058 1490 9965 7445 1288 3041
1367.98 30291 7058 1490 9966 7448 1289 3040
1369.06 30293 7058 1489 9972 7445 1289 3040
1370.18 30304 7060 1488 9977 7447 1291 3041
1371.19 30312 7060 1488 9981 7450 1291 3042
1372.19 30316 7060 1488 9979 7452 1292 3045
1373.23 30319 7064 1488 9980 7449 1292 3046
1374.28 30324 7068 1488 9977 7452 1293 3046
1375.38 30321 7068 1486 9979 7452 1292 3044
1376.48 30335 7069 1488 9981 7459 1294 3044
1377.53 30336 7070 1487 9983 7457 1295 3044
1378.56 30350 7072 1487 9986 7465 1296 3044
1379.63 30349 7072 1486 9985 7465 1297 3044
1380.74 30355 7072 1487 9989 7465 1298 3044
1381.8 30364 7075 1488 9991 7467 1298 3045
1382.82 30375 7078 1490 9991 7474 1298 3044
1383.84 30381 7080 1490 9992 7475 1297 3047
1384.85 30391 7079 1490 9992 7484 1298 3048
1385.87 30402 7091 1491 9996 7481 1297 3046
1386.96 30410 7091 1491 9995 7487 1299 3047
1387.98 30411 7091 1492 9993 7488 1301 3046
1389.01 30417 7091 1493 9994 7491 1303 3045
1390.12 30424 7091 1492 9997 7493 1305 3046
1391.14 30430 7091 1493 9996 7499 1305 3046
1392.26 30429 7090 1492 9993 7500 1306 3048
1393.28 30436 7091 1492 9993 7508 1306 3046
1394.3 30437 7092 1492 9994 7508 1307 3044
1395.42 30449 7092 1492 9995 7517 1308 3045
1396.49 30448 7092 1493 9995 7514 1309 3045
1397.61 30450 7093 1493 9995 7515 1308 3046
1398.66 30458 7093 1493 9997 7520 1309 3046
1399.73 30466 7094 1494 9995 7526 1310 3047
1400.79 30465 7094 1494 9999 7523 1309 3046
1401.8 30474 7095 1495 9999 7527 1310 3048
1402.91 30470 7099 1493 9999 7523 1309 3047
1403.96 30486 7100 1494 10003 7529 1312 3048
1405.19 30491 7100 1494 10001 7536 1313 3047
1406.21 30499 7100 1495 10003 7538 1313 3050
1407.32 30507 7100 1495 10004 7546 1313 3049
1408.42 30508 7103 1495 10003 7545 1313 3049
1409.43 30511 7104 1496 10005 7543 1314 3049
1410.44 30516 7103 1495 10006 7547 1315 3050
1411.45 30521 7105 1494 10007 7549 1316 3050
1412.47 30527 7104 1496 10009 7550 1317 3051
1413.56 30538 7107 1496 10014 7554 1316 3051
1414.58 30543 7106 1495 10016 7558 1316 3052
1415.59 30549 7109 1495 10017 7558 1318 3052
1416.6 30552 7110 1495 10017 7559 1317 3054
1417.79 30563 7111 1496 10018 7564 1317 3057
1418.82 30567 7111 1495 10019 7566 1318 3058
1419.86 30569 7112 1495 10022 7565 1318 3057
1420.87 30578 7114 1496 10023 7569 1318 3058
1421.95 30586 7116 1495 10027 7571 1318 3059
1422.95 30598 7115 1496 10027 7582 1319 3059
1424.03 30597 7114 1496 10031 7579 1318 3059
1425.07 30608 7117 1496 10032 7586 1318 3059
1426.18 30614 7117 1497 10033 7588 1318 3061
1427.45 30622 7118 1497 10033 7590 1319 3065
1428.53 30637 7122 1496 10034 7598 1321 3066
1429.58 30636 7123 1496 10033 7595 1321 3068
1430.59 30649 7124 1496 10034 7603 1323 3069
1431.7 30649 7124 1496 10035 7603 1323 3068
1432.71 30657 7128 1495 10035 7606 1324 3069
1433.9 30658 7125 1495 10038 7607 1323 3070
1434.92 30658 7125 1494 10036 7609 1323 3071
1435.97 30668 7126 1494 10038 7614 1324 3072
1437.01 30680 7128 1494 10039 7620 1325 3074
1438.22 30684 7129 1493 10041 7623 1325 3073
1439.32 30693 7129 1492 10043 7628 1327 3074
1440.37 30698 7130 1492 10045 7631 1327 3073
1441.4 30703 7131 1493 10045 7635 1327 3072
1442.55 30706 7132 1493 10051 7632 1327 3071
1443.79 30719 7133 1493 10053 7640 1328 3072
1444.81 30722 7134 1494 10053 7639 1328 3074
1445.82 30732 7134 1493 10054 7645 1330 3076
1446.83 30735 7134 1494 10056 7645 1330 3076
1447.84 30742 7135 1495 10053 7652 1330 3077
1448.99 30746 7134 1494 10053 7656 1330 3079
1450.16 30746 7133 1495 10053 7657 1330 3078
1451.2 30755 7135 1493 10057 7664 1329 3077
1452.23 30760 7136 1494 10058 7665 1329 3078
1453.25 30765 7140 1494 10057 7667 1329 3078
1454.27 30767 7140 1494 10058 7667 1329 3079
1455.34 30773 7143 1495 10059 7668 1329 3079
1456.43 30775 7145 1494 10059 7669 1329 3079
1457.44 30782 7145 1494 10063 7671 1330 3079
1458.56 30778 7144 1495 10062 7668 1329 3080
1459.69 30783 7146 1495 10065 7668 1329 3080
1460.82 30791 7146 1496 10063 7675 1330 3081
1461.83 30793 7152 1495 10061 7674 1330 3081
1463.07 30801 7152 1496 10062 7680 1330 3081
1464.18 30805 7154 1496 10065 7680 1329 3081
1465.24 30816 7154 1496 10067 7686 1331 3082
1466.4 30811 7154 1495 10065 7684 1331 3082
1467.42 30817 7152 1495 10069 7687 1331 3083
1468.45 30817 7154 1495 10066 7686 1332 3084
1469.47 30822 7155 1496 10068 7686 1333 3084
1470.5 30829 7157 1495 10068 7689 1334 3086
1471.52 30833 7156 1495 10069 7692 1334 3087
1472.58 30842 7156 1498 10069 7697 1336 3086
1473.62 30841 7156 1497 10070 7697 1335 3086
1474.74 30844 7156 1496 10070 7700 1336 3086
1475.92 30841 7153 1495 10071 7700 1336 3086
1476.98 30842 7154 1495 10071 7700 1337 3085
1477.99 30844 7155 1495 10071 7700 1337 3086
1479.04 30845 7154 1496 10072 7698 1339 3086
1480.2 30854 7155 1496 10072 7703 1341 3087
1481.23 30859 7157 1497 10071 7705 1341 3088
1482.24 30867 7159 1496 10073 7710 1342 3087
1483.3 30868 7162 1496 10072 7708 1342 3088
1484.5 30878 7162 1495 10074 7716 1342 3089
1485.54 30880 7163 1496 10073 7714 1342 3092
1486.6 30885 7164 1495 10073 7719 1343 3091
1487.62 30894 7165 1496 10073 7725 1344 3091
1488.67 30895 7165 1496 10073 7725 1344 3092
1489.71 30894 7165 1496 10074 7723 1343 3093
1490.77 30899 7166 1495 10074 7724 1345 3095
1491.78 30900 7168 1496 10075 7723 1344 3094
1492.86 30902 7168 1496 10076 7725 1343 3094
1493.99 30903 7167 1496 10075 7726 1344 3095
1495.06 30909 7166 1498 10075 7730 1345 3095
1496.13 30913 7166 1497 10074 7734 1346 3096
1497.29 30916 7167 1497 10073 7736 1347 3096
1498.38 30925 7169 1497 10076 7739 1347 3097
1499.46 30936 7168 1497 10075 7748 1350 3098
1500.62 30937 7169 1497 10075 7747 1350 3099
1501.64 30942 7171 1497 10075 7749 1350 3100
1502.69 30945 7174 1496 10074 7750 1351 3100
1503.82 30954 7175 1497 10075 7752 1354 3101
1504.82 30962 7176 1497 10077 7755 1355 3102
1505.89 30968 7176 1498 10076 7760 1356 3102
1506.95 30976 7176 1496 10079 7763 1358 3104
1508.15 30985 7179 1497 10081 7764 1359 3105
1509.16 30983 7178 1497 10079 7763 1359 3107
1510.21 30982 7177 1499 10076 7764 1358 3108
1511.26 30992 7180 1499 10077 7769 1358 3109
1512.35 31001 7181 1499 10077 7774 1359 3111
1513.54 31007 7181 1498 10076 7778 1360 3114
1514.75 31008 7180 1498 10078 7777 1360 3115
1515.94 31015 7182 1499 10080 7779 1361 3114
1516.96 31012 7183 1498 10080 7777 1360 3114
1518.01 31015 7184 1498 10082 7775 1362 3114
1519.01 31018 7184 1498 10083 7774 1363 3116
1520.06 31021 7184 1497 10083 7776 1364 3117
1521.07 31027 7185 1497 10082 7782 1364 3117
1522.18 31024 7184 1497 10081 7782 1363 3117
1523.19 31032 7186 1498 10082 7784 1365 3117
1524.2 31034 7185 1498 10082 7785 1366 3118
1525.34 31041 7185 1499 10082 7789 1367 3119
1526.42 31038 7183 1498 10081 7789 1367 3120
1527.58 31044 7184 1499 10079 7792 1368 3122
1528.64 31049 7185 1500 10077 7794 1370 3123
1529.71 31056 7185 1499 10080 7800 1371 3121
1530.72 31061 7189 1500 10082 7797 1371 3122
1532 31063 7191 1500 10081 7797 1371 3123
1533.26 31071 7193 1500 10083 7797 1374 3124
1534.33 31070 7195 1500 10081 7797 1372 3125
1535.39 31075 7195 1500 10084 7799 1373 3124
1536.41 31076 7196 1500 10085 7797 1373 3125
1537.57 31078 7194 1503 10084 7798 1373 3126
1538.59 31079 7196 1502 10084 7799 1373 3125
1539.65 31081 7196 1503 10085 7799 1373 3125
1540.74 31085 7197 1501 10086 7802 1373 3126
1541.82 31091 7198 1502 10089 7804 1374 3124
1542.97 31095 7200 1502 10091 7805 1373 3124
1544.02 31101 7203 1502 10093 7805 1373 3125
1545.15 31100 7203 1502 10093 7805 1373 3124
1546.2 31100 7202 1501 10094 7804 1373 3126
1547.38 31099 7203 1501 10093 7804 1373 3125
1548.44 31100 7205 1500 10093 7805 1372 3125
1549.56 31109 7207 1500 10091 7809 1374 3128
1550.58 31110 7208 1500 10094 7807 1374 3127
1551.64 31115 7207 1500 10094 7811 1374 3129
1552.66 31121 7208 1500 10093 7815 1376 3129
1553.69 31120 7208 1500 10093 7814 1376 3129
1554.7 31118 7208 1500 10092 7812 1377 3129
1555.82 31125 7210 1500 10094 7815 1377 3129
1557.01 31134 7210 1501 10096 7820 1377 3130
1558.16 31138 7215 1501 10097 7818 1376 3131
1559.3 31147 7217 1500 10102 7820 1376 3132
1560.42 31144 7218 1500 10100 7818 1375 3133
1561.44 31154 7220 1500 10101 7821 1377 3135
1562.45 31154 7219 1499 10100 7823 1379 3134
1563.46 31161 7221 1498 10102 7827 1380 3133
1564.55 31160 7220 1498 10104 7826 1379 3133
1565.68 31170 7219 1500 10107 7829 1381 3134
1566.72 31169 7221 1501 10107 7826 1381 3133
1567.84 31177 7224 1501 10106 7831 1382 3133
1568.87 31174 7222 1500 10106 7832 1382 3132
1569.87 31182 7224 1501 10108 7834 1383 3132
1571.02 31188 7228 1500 10110 7834 1384 3132
1572.11 31192 7227 1500 10111 7837 1385 3132
1573.12 31192 7228 1500 10112 7835 1385 3132
1574.17 31193 7228 1499 10115 7834 1384 3133
1575.23 31192 7229 1500 10115 7832 1384 3132
1576.32 31193 7230 1499 10110 7836 1384 3134
1577.46 31204 7232 1500 10110 7841 1386 3135
1578.49 31204 7233 1500 10111 7839 1386 3135
1579.51 31210 7232 1499 10111 7845 1388 3135
1580.58 31209 7232 1499 10114 7845 1386 3133
1581.65 31212 7234 1500 10113 7847 1386 3132
1582.68 31214 7235 1499 10113 7850 1385 3132
1583.74 31219 7234 1499 10112 7856 1387 3131
1584.88 31223 7231 1499 10113 7862 1387 3131
1585.89 31223 7231 1498 10113 7862 1386 3133
1586.97 31230 7230 1498 10118 7864 1387 3133
1588.12 31228 7230 1499 10115 7864 1387 3133
1589.31 31235 7233 1500 10118 7865 1387 3132
1590.32 31232 7234 1501 10118 7863 1385 3131
1591.35 31231 7232 1501 10119 7864 1385 3130
1592.51 31239 7232 1501 10125 7867 1384 3130
1593.57 31240 7235 1501 10122 7867 1384 3131
1594.62 31246 7235 1501 10122 7871 1385 3132
1595.7 31249 7235 1502 10122 7872 1385 3133
1596.71 31254 7237 1502 10125 7872 1385 3133
1597.77 31258 7236 1501 10124 7876 1387 3134
1598.9 31262 7237 1501 10124 7879 1387 3134
1600.1 31269 7238 1501 10129 7881 1386 3134
1601.26 31271 7238 1502 10132 7880 1386 3133
1602.32 31276 7240 1502 10134 7880 1386 3134
1603.34 31280 7242 1502 10135 7882 1386 3133
1604.4 31279 7242 1503 10133 7882 1386 3133
1605.5 31283 7244 1503 10134 7883 1386 3133
1606.52 31286 7245 1504 10134 7884 1386 3133
1607.6 31287 7247 1503 10137 7882 1385 3133
1608.77 31295 7248 1503 10140 7885 1385 3134
1609.83 31294 7248 1502 10141 7884 1385 3134
1610.9 31292 7247 1503 10139 7885 1384 3134
1611.96 31296 7250 1504 10138 7886 1384 3134
1613.1 31299 7251 1503 10141 7884 1385 3135
1614.12 31302 7252 1501 10143 7888 1384 3134
1615.12 31308 7252 1500 10144 7892 1385 3135
1616.32 31311 7254 1500 10143 7895 1384 3135
1617.48 31317 7254 1501 10147 7896 1385 3134
1618.56 31321 7256 1501 10145 7899 1385 3135
1619.65 31321 7255 1501 10146 7900 1385 3134
1620.66 31325 7254 1502 10148 7902 1385 3134
1621.74 31327 7255 1502 10149 7902 1385 3134
1622.83 31329 7256 1502 10148 7904 1385 3134
1623.91 31339 7256 1502 10147 7909 1389 3136
1625.06 31342 7256 1502 10147 7912 1389 3136
1626.16 31348 7256 1502 10147 7917 1390 3136
1627.24 31349 7256 1504 10145 7916 1390 3138
1628.33 31351 7256 1503 10146 7916 1390 3140
1629.35 31355 7257 1503 10147 7918 1390 3140
1630.42 31357 7258 1502 10146 7921 1390 3140
1631.44 31358 7258 1503 10143 7923 1391 3140
1632.61 31363 7259 1502 10146 7925 1391 3140
1633.74 31363 7260 1502 10144 7927 1391 3139
1634.76 31369 7262 1502 10144 7931 1392 3138
1635.81 31372 7262 1502 10144 7933 1392 3139
1636.84 31377 7262 1501 10144 7936 1394 3140
1637.9 31381 7263 1502 10144 7937 1396 3139
1638.97 31379 7262 1502 10142 7937 1397 3139
1640.03 31383 7261 1502 10144 7940 1397 3139
1641.25 31390 7263 1503 10148 7941 1396 3139
1642.38 31392 7266 1503 10148 7941 1395 3139
1643.47 31389 7266 1502 10148 7938 1395 3140
1644.48 31391 7268 1502 10147 7939 1395 3140
1645.54 31399 7271 1503 10149 7941 1395 3140
1646.68 31411 7273 1504 10150 7946 1398 3140
1647.72 31401 7273 1504 10147 7941 1395 3141
1648.73 31408 7272 1503 10148 7947 1397 3141
1649.74 31409 7272 1503 10148 7948 1397 3141
1650.81 31415 7273 1504 10148 7950 1397 3143
1651.97 31420 7274 1505 10150 7950 1398 3143
1652.99 31424 7277 1503 10151 7952 1397 3144
1654.07 31429 7278 1504 10151 7954 1397 3145
1655.22 31431 7279 1504 10152 7952 1397 3147
1656.28 31439 7280 1504 10156 7956 1396 3147
1657.37 31442 7280 1503 10154 7961 1397 3147
1658.38 31448 7281 1503 10155 7963 1399 3147
1659.42 31447 7280 1502 10156 7962 1399 3148
1660.51 31450 7280 1503 10157 7962 1399 3149
1661.52 31452 7279 1503 10152 7969 1399 3150
1662.53 31457 7282 1504 10152 7970 1399 3150
1663.69 31464 7280 1503 10154 7976 1402 3149
1664.89 31468 7282 1504 10155 7976 1402 3149
1665.93 31468 7282 1503 10155 7978 1401 3149
1666.98 31469 7282 1503 10153 7979 1402 3150
1667.98 31472 7283 1502 10152 7982 1402 3151
1669.19 31479 7284 1504 10153 7985 1403 3150
1670.28 31481 7285 1502 10154 7987 1404 3149
1671.3 31485 7284 1501 10154 7993 1404 3149
1672.39 31484 7286 1502 10153 7991 1403 3149
1673.44 31492 7287 1501 10154 7996 1404 3150
1674.49 31495 7287 1501 10156 7998 1404 3149
1675.6 31493 7286 1501 10155 7998 1403 3150
1676.61 31498 7286 1501 10156 7999 1405 3151
1677.73 31501 7288 1501 10155 7998 1408 3151
1678.83 31510 7289 1502 10154 8004 1409 3152
1679.89 31511 7289 1500 10154 8006 1409 3153
1680.89 31511 7290 1500 10154 8006 1408 3153
1681.97 31516 7288 1501 10156 8009 1409 3153
1683.05 31520 7291 1500 10159 8008 1409 3153
1684.1 31524 7293 1500 10159 8008 1410 3154
1685.15 31520 7293 1501 10157 8006 1410 3153
1686.2 31524 7294 1501 10159 8007 1411 3152
1687.23 31530 7298 1501 10161 8008 1410 3152
1688.24 31537 7299 1500 10164 8011 1410 3153
1689.33 31539 7300 1500 10163 8014 1409 3153
1690.39 31538 7302 1501 10160 8012 1410 3153
1691.41 31541 7301 1502 10162 8013 1410 3153
1692.43 31544 7302 1501 10164 8014 1411 3152
1693.46 31551 7302 1502 10166 8018 1412 3151
1694.49 31549 7302 1502 10163 8018 1413 3151
1695.51 31553 7303 1503 10165 8018 1414 3150
1696.52 31562 7304 1502 10165 8024 1416 3151
1697.55 31564 7306 1502 10166 8022 1417 3151
1698.64 31567 7306 1501 10168 8023 1417 3152
1699.79 31570 7306 1501 10167 8024 1417 3155
1700.89 31574 7308 1501 10166 8026 1418 3155
1701.91 31569 7306 1501 10166 8023 1417 3156
1703.01 31574 7308 1502 10166 8024 1418 3156
1704.08 31573 7306 1502 10167 8025 1418 3155
1705.12 31575 7306 1502 10171 8024 1417 3155
1706.28 31579 7306 1502 10169 8027 1419 3156
1707.44 31580 7308 1500 10169 8027 1420 3156
1708.44 31582 7307 1501 10170 8027 1420 3157
1709.48 31583 7305 1501 10170 8029 1421 3157
1710.59 31589 7305 1500 10171 8033 1422 3158
1711.71 31596 7307 1500 10173 8035 1424 3157
1712.72 31593 7305 1499 10174 8033 1423 3159
1713.73 31598 7304 1500 10173 8037 1424 3160
1714.83 31599 7305 1500 10175 8036 1424 3159
1715.89 31600 7304 1500 10176 8037 1425 3158
1716.9 31600 7304 1500 10179 8038 1424 3155
1717.97 31607 7304 1502 10180 8039 1426 3156
1719.02 31601 7303 1501 10178 8038 1425 3156
1720.17 31603 7304 1501 10180 8037 1426 3155
1721.29 31608 7303 1502 10181 8039 1427 3156
1722.3 31608 7304 1503 10180 8038 1427 3156
1723.4 31611 7305 1504 10181 8038 1426 3157
1724.5 31612 7305 1505 10180 8040 1426 3156
1725.75 31614 7306 1503 10180 8042 1427 3156
1726.93 31616 7306 1504 10180 8042 1427 3157
1728.1 31623 7306 1504 10180 8045 1429 3159
1729.17 31620 7304 1504 10181 8043 1429 3159
1730.24 31622 7303 1503 10181 8046 1429 3160
1731.27 31621 7303 1503 10181 8044 1428 3162
1732.35 31623 7302 1503 10181 8045 1429 3163
1733.42 31623 7303 1504 10179 8045 1429 3163
1734.52 31624 7305 1503 10179 8046 1428 3163
1735.59 31624 7305 1503 10177 8047 1430 3162
1736.66 31631 7306 1503 10179 8049 1431 3163
1737.67 31631 7306 1503 10179 8050 1431 3162
1738.67 31631 7307 1503 10179 8050 1430 3162
1739.77 31628 7306 1503 10177 8049 1431 3162
1740.8 31630 7306 1503 10177 8049 1432 3163
1741.84 31627 7307 1502 10178 8045 1431 3164
1742.87 31631 7307 1503 10176 8048 1432 3165
1743.88 31638 7309 1503 10177 8050 1433 3166
1744.94 31638 7308 1503 10176 8052 1433 3166
1745.96 31640 7308 1504 10176 8053 1433 3166
1747.03 31644 7309 1503 10178 8056 1433 3165
1748.13 31648 7310 1503 10179 8056 1434 3166
1749.23 31652 7311 1502 10179 8058 1436 3166
1750.25 31653 7310 1502 10180 8059 1435 3167
1751.26 31660 7311 1501 10181 8062 1437 3168
1752.3 31663 7313 1501 10182 8061 1437 3169
1753.38 31671 7316 1501 10181 8066 1437 3170
1754.48 31672 7316 1501 10184 8064 1438 3169
1755.66 31669 7316 1501 10183 8063 1437 3169
1756.71 31676 7318 1501 10183 8066 1438 3170
1757.76 31677 7318 1501 10184 8067 1438 3169
1758.92 31679 7319 1501 10185 8068 1438 3168
1760.14 31684 7320 1504 10186 8068 1437 3169
1761.14 31686 7319 1503 10184 8072 1438 3170
1762.26 31689 7320 1504 10184 8071 1439 3171
1763.45 31694 7320 1504 10185 8073 1440 3172
1764.5 31697 7323 1503 10185 8073 1441 3172
1765.55 31696 7324 1503 10185 8073 1441 3170
1766.6 31697 7323 1503 10185 8074 1441 3171
1767.61 31698 7322 1503 10188 8074 1441 3170
1768.71 31696 7321 1504 10186 8073 1441 3171
1769.76 31699 7322 1503 10187 8075 1442 3170
1770.95 31700 7325 1504 10186 8073 1442 3170
1772.04 31704 7325 1503 10188 8075 1444 3169
1773.07 31705 7324 1503 10187 8078 1444 3169
1774.07 31708 7325 1502 10190 8078 1444 3169
1775.1 31709 7325 1503 10188 8080 1444 3169
1776.11 31713 7325 1504 10189 8082 1444 3169
1777.15 31711 7324 1505 10188 8081 1443 3170
1778.18 31713 7325 1504 10188 8083 1444 3169
1779.29 31713 7327 1504 10189 8081 1443 3169
1780.4 31719 7328 1505 10189 8085 1443 3169
1781.48 31718 7330 1504 10192 8082 1441 3169
1782.58 31721 7331 1504 10192 8083 1441 3170
1783.6 31725 7330 1503 10194 8087 1441 3170
1784.66 31728 7329 1505 10194 8089 1441 3170
1785.72 31730 7328 1505 10195 8090 1441 3171
1786.77 31732 7327 1504 10196 8092 1442 3171
1787.9 31733 7329 1504 10196 8092 1442 3170
1788.94 31734 7328 1504 10197 8093 1442 3170
1790.06 31739 7328 1503 10197 8097 1444 3170
1791.09 31739 7328 1503 10196 8099 1444 3169
1792.1 31747 7329 1504 10196 8104 1446 3168
1793.23 31749 7328 1505 10195 8106 1446 3169
1794.25 31752 7330 1505 10195 8108 1446 3168
1795.4 31754 7329 1504 10196 8109 1447 3169
1796.44 31756 7332 1505 10195 8108 1447 3169
1797.53 31752 7331 1505 10194 8106 1448 3168
1798.68 31755 7332 1505 10194 8107 1449 3168
1799.7 31757 7333 1504 10194 8108 1449 3169
1800.75 31759 7333 1504 10195 8109 1449 3169
1801.78 31765 7333 1504 10197 8111 1450 3170
1802.84 31765 7334 1504 10197 8111 1450 3169
1803.88 31761 7332 1504 10197 8109 1450 3169
1804.9 31764 7333 1504 10196 8109 1450 3172
1806.06 31769 7333 1504 10199 8111 1451 3171
1807.13 31768 7334 1503 10197 8110 1452 3172
1808.15 31769 7333 1503 10199 8111 1452 3171
1809.19 31775 7334 1503 10201 8113 1453 3171
1810.37 31772 7334 1503 10203 8110 1452 3170
1811.47 31778 7334 1504 10205 8112 1453 3170
1812.52 31781 7335 1503 10204 8117 1453 3169
1813.61 31789 7338 1504 10205 8118 1453 3171
1814.66 31785 7338 1503 10204 8118 1453 3169
1815.69 31785 7337 1503 10205 8116 1454 3170
1816.74 31783 7339 1503 10204 8115 1452 3170
1817.8 31788 7338 1503 10207 8116 1453 3171
1818.89 31791 7340 1503 10206 8118 1453 3171
1819.98 31798 7342 1503 10208 8121 1454 3170
1821 31796 7341 1503 10209 8121 1453 3169
1822.24 31797 7340 1503 10209 8122 1453 3170
1823.41 31802 7340 1505 10209 8124 1453 3171
1824.49 31802 7342 1504 10210 8123 1453 3170
1825.69 31806 7344 1504 10210 8125 1453 3170
1826.7 31813 7347 1504 10211 8128 1453 3170
1827.85 31813 7347 1504 10211 8128 1453 3170
1828.93 31819 7349 1504 10212 8130 1453 3171
1830.04 31820 7348 1503 10214 8132 1453 3170
1831.09 31821 7347 1503 10212 8136 1452 3171
1832.15 31828 7349 1504 10216 8136 1452 3171
1833.19 31826 7351 1504 10215 8134 1451 3171
1834.24 31826 7350 1505 10216 8132 1452 3171
1835.29 31828 7352 1504 10217 8132 1452 3171
1836.35 31831 7353 1504 10219 8131 1452 3172
1837.36 31830 7355 1503 10220 8130 1451 3171
1838.37 31832 7354 1504 10219 8131 1452 3172
1839.51 31837 7353 1504 10221 8134 1453 3172
1840.56 31842 7354 1503 10222 8136 1455 3172
1841.56 31843 7354 1503 10223 8138 1454 3171
1842.66 31841 7354 1503 10223 8138 1453 3170
1843.72 31847 7359 1503 10224 8137 1454 3170
1844.75 31847 7359 1503 10223 8136 1456 3170
1845.8 31850 7360 1503 10222 8138 1456 3171
1846.94 31858 7363 1504 10226 8140 1456 3169
1848.02 31856 7363 1504 10227 8138 1456 3168
1849.02 31857 7364 1504 10228 8138 1455 3168
1850.15 31858 7364 1503 10227 8141 1455 3168
1851.19 31861 7363 1503 10226 8144 1457 3168
1852.21 31866 7364 1502 10229 8146 1457 3168
1853.22 31868 7365 1502 10229 8147 1457 3168
1854.28 31864 7365 1502 10228 8145 1456 3168
1855.3 31866 7366 1504 10227 8144 1456 3169
1856.41 31866 7365 1504 10227 8145 1456 3169
1857.55 31865 7366 1504 10227 8143 1456 3169
1858.56 31870 7368 1504 10228 8144 1457 3169
1859.64 31869 7367 1503 10231 8143 1456 3169
1860.8 31871 7369 1504 10230 8143 1456 3169
1861.9 31874 7369 1503 10232 8144 1457 3169
1862.93 31874 7369 1505 10229 8145 1457 3169
1863.99 31874 7370 1504 10230 8144 1457 3169
1865 31878 7370 1504 10230 8148 1457 3169
1866.01 31884 7370 1505 10230 8151 1459 3169
1867.03 31885 7370 1505 10228 8153 1459 3170
1868.14 31887 7370 1505 10230 8153 1460 3169
1869.2 31886 7371 1505 10230 8151 1459 3170
1870.23 31889 7370 1506 10231 8154 1459 3169
1871.28 31892 7372 1506 10232 8154 1459 3169
1872.37 31893 7371 1506 10231 8158 1458 3169
1873.57 31897 7372 1506 10232 8159 1458 3170
1874.7 31900 7372 1505 10233 8162 1458 3170
1875.81 31904 7372 1505 10235 8163 1459 3170
1876.84 31897 7372 1506 10232 8159 1458 3170
1877.9 31897 7371 1506 10234 8159 1458 3169
1879 31894 7370 1505 10235 8158 1458 3168
1880.07 31898 7370 1506 10237 8160 1457 3168
1881.24 31900 7370 1506 10236 8162 1458 3168
1882.38 31899 7369 1506 10237 8160 1458 3169
1883.41 31900 7370 1507 10236 8159 1458 3170
1884.58 31900 7370 1507 10234 8160 1459 3170
1885.73 31897 7369 1508 10234 8159 1458 3169
1886.82 31899 7371 1508 10234 8158 1458 3170
1887.95 31903 7371 1507 10235 8161 1459 3170
1889.04 31904 7370 1507 10236 8162 1459 3170
1890.08 31911 7372 1508 10239 8163 1459 3170
1891.14 31910 7374 1508 10238 8161 1460 3169
1892.15 31912 7375 1508 10238 8163 1459 3169
1893.2 31915 7376 1508 10240 8162 1461 3168
1894.4 31920 7376 1508 10240 8167 1461 3168
1895.58 31922 7378 1508 10240 8166 1463 3167
1896.6 31919 7378 1508 10239 8165 1462 3167
1897.78 31918 7379 1509 10239 8162 1462 3167
1898.87 31919 7380 1509 10237 8163 1462 3168
1899.88 31920 7380 1509 10237 8164 1462 3168
1901.02 31925 7380 1509 10236 8168 1463 3169
1902.17 31924 7381 1509 10235 8167 1463 3169
1903.38 31928 7382 1509 10238 8168 1463 3168
1904.51 31932 7385 1509 10237 8169 1465 3167
1905.53 31932 7386 1508 10237 8168 1465 3168
1906.7 31933 7386 1508 10236 8169 1467 3167
1907.7 31936 7388 1507 10236 8171 1467 3167
1908.71 31938 7390 1507 10236 8171 1466 3168
1909.72 31950 7395 1508 10237 8175 1467 3168
1910.88 31953 7396 1507 10240 8175 1467 3168
1912.02 31956 7396 1507 10242 8174 1468 3169
1913.03 31954 7397 1507 10240 8173 1468 3169
1914.14 31954 7396 1507 10240 8175 1469 3167
1915.17 31960 7398 1507 10244 8175 1469 3167
1916.26 31961 7399 1508 10243 8176 1469 3166
1917.3 31958 7400 1508 10240 8174 1468 3168
1918.41 31966 7404 1507 10243 8176 1468 3168
1919.44 31959 7403 1507 10241 8174 1468 3166
1920.5 31963 7403 1508 10244 8173 1468 3167
1921.68 31961 7403 1507 10245 8171 1468 3167
1922.69 31965 7403 1507 10247 8174 1468 3166
1923.82 31965 7403 1507 10247 8173 1468 3167
1924.97 31972 7404 1507 10248 8177 1469 3167
1925.99 31978 7406 1507 10250 8180 1469 3166
1927.16 31977 7405 1507 10249 8181 1469 3166
1928.18 31982 7406 1508 10249 8183 1469 3167
1929.26 31985 7407 1508 10248 8184 1471 3167
1930.3 31982 7408 1507 10249 8182 1470 3166
1931.37 31989 7411 1507 10250 8182 1471 3168
1932.56 31991 7411 1508 10251 8183 1471 3167
1933.59 31996 7412 1508 10251 8186 1471 3168
1934.65 31997 7413 1509 10249 8187 1471 3168
1935.69 31998 7415 1508 10252 8185 1471 3167
1936.73 31998 7415 1509 10251 8186 1472 3165
1937.81 32002 7416 1510 10252 8187 1471 3166
1938.95 32004 7418 1510 10251 8187 1471 3167
1940.17 32005 7419 1509 10251 8187 1472 3167
1941.24 32013 7421 1511 10255 8187 1473 3166
1942.31 32012 7422 1509 10255 8187 1473 3166
1943.42 32017 7423 1510 10256 8189 1474 3165
1944.5 32024 7423 1510 10259 8192 1475 3165
1945.54 32021 7423 1509 10259 8191 1474 3165
1946.67 32027 7424 1509 10259 8194 1475 3166
1947.72 32025 7424 1509 10260 8191 1475 3166
1948.73 32027 7425 1510 10261 8190 1475 3166
1949.78 32027 7427 1509 10262 8189 1474 3166
1950.84 32035 7428 1510 10263 8192 1475 3167
1951.98 32033 7428 1510 10264 8190 1474 3167
1953.01 32033 7429 1511 10262 8189 1474 3168
1954.02 32032 7430 1511 10262 8188 1473 3168
1955.06 32037 7430 1512 10265 8187 1473 3170
1956.08 32035 7431 1512 10265 8184 1473 3170
1957.22 32030 7430 1512 10264 8183 1473 3168
1958.26 32033 7430 1512 10266 8185 1473 3167
1959.27 32034 7431 1512 10268 8183 1473 3167
1960.31 32038 7432 1513 10269 8184 1473 3167
1961.31 32044 7433 1513 10270 8187 1474 3167
1962.39 32041 7432 1512 10270 8186 1473 3168
1963.42 32043 7432 1512 10270 8186 1475 3168
1964.64 32048 7433 1513 10271 8188 1475 3168
1965.81 32051 7435 1513 10271 8189 1475 3168
1966.89 32051 7436 1515 10271 8187 1475 3167
1967.9 32056 7439 1514 10271 8191 1474 3167
1968.95 32056 7438 1515 10270 8192 1474 3167
1970.08 32059 7437 1515 10272 8192 1475 3168
1971.32 32056 7437 1515 10272 8190 1474 3168
1972.44 32055 7438 1515 10270 8190 1474 3168
1973.65 32059 7437 1515 10271 8192 1476 3168
1974.74 32060 7438 1515 10271 8192 1476 3168
1975.84 32059 7439 1513 10272 8192 1476 3167
1976.84 32056 7439 1514 10271 8189 1476 3167
1978.01 32059 7440 1514 10271 8191 1476 3167
1979.05 32061 7440 1514 10272 8191 1476 3168
1980.06 32064 7441 1515 10271 8191 1478 3168
1981.07 32062 7441 1514 10269 8192 1478 3168
1982.12 32068 7443 1516 10268 8193 1479 3169
1983.2 32067 7443 1515 10271 8191 1478 3169
1984.4 32071 7445 1515 10271 8192 1478 3170
1985.51 32074 7448 1514 10271 8193 1478 3170
1986.52 32073 7448 1516 10272 8191 1476 3170
1987.55 32074 7449 1516 10273 8190 1476 3170
1988.58 32075 7449 1516 10274 8189 1476 3171
1989.59 32077 7451 1516 10273 8189 1477 3171
1990.68 32083 7450 1516 10275 8193 1477 3172
1991.69 32088 7452 1517 10275 8195 1477 3172
1992.83 32089 7453 1516 10276 8194 1478 3172
1993.88 32096 7456 1516 10277 8195 1479 3173
1995.03 32095 7455 1517 10276 8196 1478 3173
1996.04 32095 7457 1516 10276 8194 1478 3174
1997.05 32101 7459 1518 10274 8197 1479 3174
1998.12 32100 7459 1518 10274 8194 1480 3175
1999.13 32101 7460 1518 10275 8196 1478 3174
2000.26 32101 7459 1517 10277 8196 1478 3174
2001.4 32104 7460 1519 10276 8196 1478 3175
2002.54 32105 7460 1519 10275 8199 1478 3174
2003.71 32106 7462 1518 10274 8198 1478 3176
2004.71 32107 7463 1518 10274 8198 1478 3176
2005.86 32105 7462 1518 10275 8197 1478 3175
2006.96 32107 7464 1518 10274 8198 1478 3175
