# timestamp	GC Total Latency (msec)		CP	Meta	Filemap	Cache	Read	Write\n
195.91 41250 8762 8487 20000 0 0 4001
196.922 32333 7010 5323 11000 7000 1000 1000
197.929 35136 6906 7663 8569 9142 1142 1714
198.944 32848 6845 6370 7271 7999 1818 2545
199.946 33489 6768 5866 8284 8000 1428 3143
200.947 31987 6719 5049 6665 8666 1111 3777
201.964 31289 6875 4964 6179 7636 1090 4545
202.984 31189 6987 4206 5997 7571 1428 5000
203.996 31263 6962 4071 5878 8117 1529 4706
205.009 31357 7024 4133 5638 8307 1743 4512
206.017 31296 7149 3797 5774 8711 1688 4177
207.027 31145 7042 3715 5801 8784 1960 3843
208.033 31392 7123 3702 5854 8928 1928 3857
209.048 31262 7175 3769 5803 8773 2000 3742
210.065 31796 7167 3691 6292 9176 1882 3588
211.079 31750 7116 3626 6237 9172 1973 3626
212.097 31875 7132 3674 6047 9218 2048 3756
213.104 31331 7169 3537 5705 9123 2067 3730
214.118 31501 7234 3506 5657 9360 2085 3659
215.119 31561 7267 3430 5699 9464 2059 3642
216.124 31626 7260 3438 5529 9569 2018 3812
217.145 31860 7280 3384 5482 9874 2053 3787
218.173 31739 7317 3239 5318 9982 2148 3735
219.182 32069 7245 3225 5382 10266 2173 3778
220.187 32117 7253 3156 5350 10314 2285 3759
221.196 32111 7244 3115 5359 10296 2325 3772
222.211 32375 7249 3092 5331 10528 2339 3836
223.23 32312 7278 2992 5321 10491 2388 3842
224.243 32379 7261 3027 5256 10443 2468 3924
225.25 32085 7239 2935 5307 10454 2338 3812
226.264 31960 7243 2970 5300 10336 2314 3797
227.272 32030 7251 3014 5251 10420 2355 3739
228.287 32031 7222 2964 5204 10498 2332 3811
229.305 31918 7204 2925 5194 10478 2318 3799
230.325 32040 7237 2986 5181 10541 2271 3824
231.335 32169 7252 3009 5123 10778 2253 3754
232.339 32181 7224 2982 5179 10871 2217 3708
233.364 32097 7231 2891 5137 10910 2192 3736
234.395 32159 7262 2871 5200 10982 2185 3659
235.419 32164 7300 2830 5182 11027 2155 3670
236.435 32052 7311 2801 5082 11006 2190 3662
237.455 31921 7286 2752 5097 10990 2169 3627
238.468 31966 7299 2742 5144 10972 2127 3682
239.471 32069 7252 2728 5237 11038 2095 3719
240.488 32003 7251 2718 5239 11026 2028 3741
241.499 32154 7273 2716 5237 11065 2060 3803
242.516 32227 7271 2714 5189 11130 2060 3863
243.525 32200 7268 2756 5175 11084 2091 3826
244.542 32173 7256 2727 5135 11143 2069 3843
245.564 32108 7228 2711 5016 11256 2049 3848
246.569 32075 7224 2673 5016 11311 2024 3827
247.612 32184 7209 2688 5042 11373 2041 3831
248.625 32253 7213 2705 5045 11374 2058 3858
249.633 32257 7183 2692 5019 11447 2055 3861
250.669 32315 7177 2699 5018 11560 2031 3830
251.695 32409 7154 2651 5051 11690 2041 3822
252.705 32376 7146 2624 5051 11697 2063 3795
253.729 32364 7146 2593 5082 11693 2051 3799
254.743 32310 7134 2575 5090 11638 2070 3803
255.766 32291 7138 2600 5090 11633 2064 3766
256.772 32323 7120 2579 5104 11691 2048 3781
257.782 32319 7140 2582 5109 11686 2047 3755
258.817 32317 7167 2589 5128 11672 2050 3711
259.836 32324 7144 2561 5193 11668 2060 3698
260.848 32377 7141 2564 5189 11758 2049 3676
261.853 32390 7122 2564 5185 11798 2067 3654
262.876 32334 7115 2549 5202 11775 2069 3624
263.886 32347 7120 2560 5199 11726 2121 3621
264.899 32315 7122 2554 5178 11757 2136 3568
265.908 32193 7123 2536 5124 11752 2109 3549
266.916 32274 7127 2565 5124 11790 2128 3540
267.939 32253 7115 2558 5097 11769 2151 3563
268.949 32274 7099 2569 5105 11764 2160 3577
269.951 32264 7105 2563 5112 11743 2173 3568
270.986 32258 7100 2564 5105 11739 2160 3590
271.987 32306 7102 2565 5079 11827 2154 3579
273.012 32228 7089 2554 5056 11830 2135 3564
274.022 32308 7070 2549 5088 11855 2161 3585
275.03 32318 7086 2554 5088 11842 2150 3598
276.054 32389 7073 2574 5123 11852 2148 3619
277.086 32391 7071 2568 5125 11868 2156 3603
278.105 32380 7065 2565 5132 11842 2168 3608
279.12 32391 7055 2554 5116 11845 2179 3642
280.138 32393 7051 2542 5128 11853 2192 3627
281.142 32394 7051 2527 5126 11889 2176 3625
282.147 32439 7057 2520 5126 11945 2176 3615
283.166 32367 7038 2510 5104 11952 2168 3595
284.178 32319 7034 2526 5065 11946 2156 3592
285.182 32365 7028 2525 5073 11953 2170 3616
286.226 32297 7020 2502 5097 11902 2174 3602
287.233 32241 7014 2500 5108 11846 2172 3601
288.246 32223 7014 2493 5109 11804 2154 3649
289.249 32279 7010 2506 5151 11800 2159 3653
290.272 32275 7007 2477 5156 11803 2151 3681
291.29 32261 7004 2472 5152 11806 2141 3686
292.318 32347 7013 2461 5164 11897 2123 3689
293.327 32397 7004 2449 5198 11928 2131 3687
294.34 32383 7007 2430 5183 11975 2115 3673
295.357 32364 6997 2426 5175 11941 2142 3683
296.383 32352 6996 2420 5151 11947 2140 3698
297.414 32421 6999 2411 5186 11965 2125 3735
298.416 32458 6993 2430 5193 11966 2143 3733
299.429 32477 7003 2425 5163 11977 2162 3747
300.448 32548 7004 2436 5169 11999 2175 3765
301.467 32559 6993 2410 5155 12057 2186 3758
302.504 32562 6983 2429 5186 12041 2179 3744
303.519 32555 6988 2411 5188 12066 2171 3731
304.538 32585 6996 2397 5235 12061 2178 3718
305.55 32586 6995 2398 5227 12080 2191 3695
306.563 32584 6981 2414 5231 12080 2185 3693
307.581 32555 6974 2410 5223 12064 2188 3696
308.602 32539 6976 2399 5229 12064 2177 3694
309.608 32515 6970 2396 5211 12058 2189 3691
310.638 32499 6969 2377 5213 12043 2202 3695
311.647 32565 6970 2392 5218 12056 2218 3711
312.669 32549 6963 2392 5206 12051 2217 3720
313.678 32580 6969 2392 5181 12108 2218 3712
314.71 32551 6968 2385 5181 12084 2213 3720
315.723 32521 6967 2385 5161 12078 2202 3728
316.739 32548 6964 2402 5148 12078 2226 3730
317.757 32519 6955 2384 5154 12062 2236 3728
318.76 32509 6941 2385 5158 12076 2228 3721
319.763 32537 6945 2384 5170 12088 2226 3724
320.772 32541 6951 2388 5168 12083 2229 3722
321.784 32571 6946 2375 5193 12109 2223 3725
322.816 32543 6942 2378 5193 12099 2218 3713
323.841 32557 6936 2366 5196 12099 2227 3733
324.853 32545 6925 2378 5182 12107 2222 3731
325.874 32517 6920 2380 5184 12093 2215 3725
326.893 32522 6914 2373 5212 12079 2230 3714
327.896 32486 6914 2371 5211 12049 2224 3717
328.904 32501 6910 2379 5230 12028 2235 3719
329.913 32505 6906 2370 5243 12015 2238 3733
330.918 32548 6910 2397 5234 12031 2232 3744
331.938 32526 6906 2392 5235 12032 2222 3739
332.949 32527 6904 2395 5230 12027 2227 3744
333.962 32541 6898 2388 5214 12063 2228 3750
334.985 32550 6892 2384 5219 12074 2233 3748
335.992 32559 6902 2377 5231 12081 2226 3742
336.998 32504 6894 2372 5219 12054 2237 3728
338.019 32496 6891 2379 5224 12049 2230 3723
339.051 32493 6898 2374 5230 12033 2236 3722
340.058 32517 6898 2387 5230 12036 2243 3723
341.085 32482 6891 2393 5221 12029 2230 3718
342.102 32458 6883 2387 5230 12029 2225 3704
343.118 32446 6884 2389 5212 12021 2222 3718
344.151 32427 6888 2387 5208 12017 2208 3719
345.156 32453 6877 2394 5213 12032 2212 3725
346.189 32441 6869 2390 5202 12028 2225 3727
347.215 32431 6873 2385 5197 12031 2235 3710
348.231 32433 6869 2382 5207 12038 2231 3706
349.282 32437 6871 2380 5208 12042 2240 3696
350.291 32421 6862 2379 5228 12016 2234 3702
351.304 32452 6873 2378 5227 12016 2257 3701
352.313 32476 6876 2378 5240 12031 2266 3685
353.325 32481 6877 2377 5252 12019 2276 3680
354.328 32500 6880 2378 5260 12040 2266 3676
355.334 32518 6881 2371 5266 12044 2276 3680
356.354 32538 6877 2375 5276 12064 2273 3673
357.373 32565 6875 2388 5295 12060 2278 3669
358.379 32566 6862 2390 5297 12080 2280 3657
359.391 32574 6862 2392 5297 12076 2291 3656
360.411 32578 6853 2383 5290 12095 2292 3665
361.424 32610 6859 2398 5292 12112 2289 3660
362.479 32616 6856 2398 5303 12134 2276 3649
363.505 32617 6861 2397 5300 12127 2281 3651
364.527 32577 6854 2391 5293 12110 2276 3653
365.546 32579 6849 2384 5291 12132 2272 3651
366.573 32595 6852 2393 5275 12157 2267 3651
367.577 32637 6861 2392 5291 12175 2269 3649
368.586 32647 6859 2391 5292 12187 2273 3645
369.607 32659 6855 2383 5296 12192 2276 3657
370.609 32654 6850 2384 5299 12197 2274 3650
371.658 32676 6854 2374 5296 12217 2283 3652
372.672 32675 6853 2377 5292 12228 2287 3638
373.683 32654 6856 2372 5278 12227 2287 3634
374.691 32632 6854 2368 5281 12211 2284 3634
375.704 32602 6849 2370 5271 12196 2284 3632
376.712 32588 6843 2362 5265 12211 2281 3626
377.717 32570 6842 2365 5262 12204 2284 3613
378.722 32565 6847 2360 5249 12215 2282 3612
379.721 32535 6852 2355 5241 12204 2278 3605
380.738 32538 6850 2358 5247 12203 2270 3610
381.75 32546 6852 2349 5261 12208 2275 3601
382.749 32545 6852 2349 5262 12204 2276 3602
383.766 32583 6858 2356 5270 12227 2270 3602
384.773 32591 6868 2359 5281 12220 2262 3601
385.781 32615 6867 2365 5285 12230 2273 3595
386.783 32601 6860 2358 5293 12220 2271 3599
387.795 32596 6858 2354 5302 12208 2261 3613
388.822 32602 6864 2366 5301 12203 2253 3615
389.835 32618 6862 2364 5310 12225 2245 3612
390.879 32623 6868 2372 5297 12238 2240 3608
391.878 32653 6870 2370 5309 12259 2238 3607
392.899 32624 6877 2368 5307 12235 2233 3604
393.921 32668 6868 2372 5307 12279 2242 3600
394.954 32680 6859 2378 5304 12296 2241 3602
395.987 32676 6858 2373 5330 12292 2232 3591
397.064 32675 6854 2376 5320 12306 2231 3588
398.071 32703 6851 2372 5324 12334 2226 3596
399.068 32714 6853 2371 5331 12331 2234 3594
400.069 32704 6856 2362 5332 12326 2229 3599
401.07 32696 6846 2357 5337 12332 2230 3594
402.087 32671 6842 2349 5334 12328 2231 3587
403.107 32669 6839 2356 5341 12318 2233 3582
404.119 32669 6840 2364 5347 12306 2231 3581
405.119 32695 6841 2372 5347 12318 2232 3585
406.13 32686 6845 2366 5338 12322 2238 3577
407.149 32684 6842 2361 5346 12328 2243 3564
408.156 32699 6836 2371 5342 12326 2251 3573
409.177 32714 6830 2372 5347 12322 2257 3586
410.194 32711 6830 2372 5339 12330 2257 3583
411.216 32728 6825 2373 5351 12342 2252 3585
412.229 32749 6824 2372 5355 12365 2256 3577
413.237 32742 6824 2362 5349 12378 2257 3572
414.255 32773 6827 2361 5354 12397 2265 3569
415.253 32770 6824 2361 5363 12395 2259 3568
416.278 32790 6832 2359 5363 12391 2266 3579
417.304 32797 6831 2361 5370 12386 2257 3592
418.306 32787 6830 2351 5359 12389 2264 3594
419.325 32756 6822 2347 5373 12365 2256 3593
420.346 32773 6815 2348 5379 12388 2258 3585
421.358 32753 6814 2352 5364 12379 2256 3588
422.376 32730 6809 2355 5358 12377 2248 3583
423.385 32753 6807 2360 5353 12389 2253 3591
424.4 32772 6807 2364 5365 12398 2248 3590
425.404 32751 6800 2359 5365 12386 2256 3585
426.429 32748 6797 2356 5378 12380 2252 3585
427.469 32746 6793 2361 5387 12363 2250 3592
428.47 32737 6793 2361 5390 12358 2242 3593
429.48 32718 6793 2359 5392 12354 2237 3583
430.495 32715 6793 2355 5404 12345 2233 3585
431.498 32698 6793 2350 5410 12345 2229 3571
432.516 32691 6795 2351 5397 12339 2231 3578
433.523 32678 6792 2347 5400 12333 2229 3577
434.535 32665 6793 2349 5401 12334 2225 3563
435.539 32670 6788 2351 5385 12349 2227 3570
436.54 32662 6785 2347 5387 12347 2226 3570
437.56 32675 6784 2350 5387 12352 2228 3574
438.566 32693 6792 2345 5393 12371 2223 3569
439.573 32698 6788 2343 5405 12372 2224 3566
440.581 32707 6785 2342 5407 12379 2227 3567
441.585 32738 6789 2349 5404 12397 2230 3569
442.586 32748 6791 2350 5394 12413 2233 3567
443.597 32749 6796 2350 5389 12411 2234 3569
444.622 32732 6798 2344 5384 12414 2226 3566
445.639 32721 6797 2347 5385 12399 2227 3566
446.657 32719 6797 2340 5383 12406 2223 3570
447.658 32728 6795 2343 5385 12398 2225 3582
448.663 32711 6787 2339 5380 12393 2228 3584
449.663 32717 6784 2342 5390 12390 2225 3586
450.672 32746 6786 2342 5395 12400 2231 3592
451.68 32749 6783 2342 5395 12407 2236 3586
452.697 32729 6778 2336 5398 12397 2232 3588
453.746 32723 6779 2332 5400 12388 2232 3592
454.754 32724 6781 2329 5401 12397 2228 3588
455.771 32740 6781 2331 5397 12419 2224 3588
456.798 32752 6785 2346 5395 12407 2229 3590
457.8 32756 6780 2345 5405 12392 2241 3593
458.805 32722 6777 2341 5397 12378 2246 3583
459.846 32719 6781 2347 5395 12365 2247 3584
460.861 32744 6787 2344 5402 12374 2245 3592
461.878 32760 6788 2345 5410 12378 2240 3599
462.894 32756 6794 2340 5413 12367 2245 3597
463.899 32752 6798 2340 5415 12365 2242 3592
464.9 32786 6800 2343 5417 12382 2246 3598
465.907 32773 6801 2343 5412 12372 2248 3597
466.939 32782 6804 2344 5416 12363 2252 3603
467.944 32750 6806 2338 5419 12340 2253 3594
468.968 32734 6803 2337 5419 12340 2251 3584
469.978 32730 6803 2344 5425 12329 2249 3580
470.993 32729 6801 2346 5414 12346 2246 3576
472.017 32745 6800 2349 5416 12352 2253 3575
473.033 32766 6806 2352 5420 12354 2257 3577
474.047 32780 6804 2353 5426 12349 2262 3586
475.065 32785 6799 2363 5427 12346 2264 3586
476.073 32781 6800 2365 5427 12342 2267 3580
477.083 32768 6797 2358 5430 12342 2262 3579
478.101 32768 6795 2357 5433 12334 2260 3589
479.117 32762 6795 2356 5451 12318 2261 3581
480.134 32760 6795 2357 5465 12303 2259 3581
481.159 32749 6792 2354 5462 12306 2258 3577
482.169 32753 6788 2356 5455 12310 2259 3585
483.178 32748 6785 2355 5453 12309 2261 3585
484.182 32730 6783 2353 5444 12297 2264 3589
485.202 32729 6776 2355 5435 12296 2263 3604
486.223 32727 6777 2352 5429 12304 2264 3601
487.241 32731 6781 2347 5441 12304 2260 3598
488.253 32743 6782 2345 5447 12303 2274 3592
489.258 32735 6778 2340 5448 12303 2274 3592
490.31 32722 6778 2339 5448 12292 2276 3589
491.325 32722 6783 2344 5447 12278 2281 3589
492.34 32732 6781 2342 5443 12297 2287 3582
493.365 32730 6775 2348 5444 12294 2287 3582
