78.0997 0
79.0997 0
80.0997 0
81.0998 0
82.0997 0
83.0997 0
84.0998 0
85.0997 0
86.0997 0
87.0998 0
88.0997 0
89.0997 0
90.0997 0
91.0997 0
92.0997 0
93.0997 0
94.0997 0
95.0997 0
96.0997 0
97.0997 0
98.0997 0
99.0997 0
100.1 0
101.1 0
102.1 0
103.1 0
104.1 0
105.1 0
106.1 0
107.1 0
108.1 0
109.1 0
110.1 0
111.1 0
112.1 0
113.1 0
114.104 0
115.104 0
116.104 0
117.104 0
118.104 0
119.104 0
120.104 0
121.104 0
122.104 0
123.104 0
124.104 0
125.104 0
126.104 0
127.104 0
128.107 0
129.104 0
130.104 0
131.104 0
132.104 0
133.104 0
134.104 0
135.104 0
136.104 0
137.105 0
138.104 0
139.104 0
140.104 0
141.104 0
142.104 0
143.104 0
144.104 0
145.104 0
146.104 0
147.104 0
148.104 0
149.104 0
150.104 0
151.104 0
152.104 0
153.104 0
154.112 0
155.112 0
156.112 0
157.112 0
158.112 0
159.112 0
160.112 0
161.112 0
162.112 0
163.112 0
164.112 0
165.112 0
166.112 0
167.112 0
168.112 0
169.112 0
170.112 0
171.112 0
172.112 0
173.112 0
174.112 0
175.112 0
176.112 0
177.112 0
178.112 0
179.112 0
180.112 0
181.112 0
182.112 0
183.112 0
184.112 0
185.112 0
186.112 0
187.112 0
188.112 0
189.112 0
190.112 0
191.112 0
192.112 0
193.112 0
194.112 0
195.112 0
196.112 0
197.128 0
198.128 0
199.128 0
200.128 0
201.128 0
202.128 0
203.128 0
204.128 0
205.128 0
206.128 0
207.128 0
208.128 0
209.128 0
210.128 0
211.128 0
212.128 0
213.128 0
214.128 0
215.128 0
216.128 0
217.128 0
218.128 0
219.128 0
220.128 0
221.144 0
222.144 0
223.144 0
224.144 0
225.144 0
226.144 0
227.144 0
228.143 0
229.144 0
230.144 0
231.143 0
232.143 0
233.143 0
234.143 0
235.143 0
236.143 0
237.144 0
238.144 0
239.143 0
240.143 0
241.143 0
242.143 0
243.143 0
244.143 0
245.144 0
246.143 0
247.144 0
248.144 0
249.143 0
250.144 0
251.143 0
252.143 0
253.143 0
254.143 0
255.143 0
256.143 0
257.144 0
258.159 0
259.16 0
260.159 0
261.159 0
262.159 0
263.159 0
264.159 0
265.159 0
266.159 0
267.159 0
268.16 0
269.159 0
270.159 0
271.159 0
272.159 0
273.159 0
274.16 0
275.159 0
276.159 0
277.159 0
278.159 0
279.159 0
280.159 0
281.159 0
282.159 0
283.159 0
284.159 0
285.159 0
286.159 0
287.159 0
288.16 0
289.159 0
290.159 0
291.159 0
292.159 0
293.159 0
294.159 0
295.159 0
296.159 1
297.159 0
298.16 0
299.159 0
300.159 0
301.159 0
302.159 0
303.16 0
304.159 0
305.159 1
306.159 0
307.159 0
308.159 0
309.159 0
310.159 0
311.159 0
312.159 0
313.159 0
314.159 0
315.16 0
316.159 0
317.159 0
318.159 0
319.159 0
320.159 1
321.159 0
322.159 0
323.159 0
324.159 0
325.159 0
326.159 0
327.159 0
328.159 0
329.159 0
330.159 0
331.159 0
332.161 0
333.159 0
334.159 0
335.159 0
336.166 1
337.163 0
338.163 0
339.163 0
340.163 1
341.163 0
342.163 0
343.163 0
344.163 1
345.163 0
346.163 0
347.163 0
348.163 0
349.163 0
350.163 1
351.163 0
352.163 0
353.163 0
354.163 0
355.163 1
356.163 0
357.163 0
358.163 0
359.163 0
360.163 0
361.163 1
362.163 0
363.163 0
364.163 0
365.163 0
366.163 0
367.163 0
368.163 0
369.163 1
370.163 1
371.164 0
372.163 0
373.163 0
374.163 0
375.172 0
376.171 0
377.171 0
378.171 0
379.171 0
380.171 0
381.171 0
382.171 0
383.171 0
384.171 0
385.171 0
386.171 1
387.184 1
388.183 0
389.184 0
390.183 0
391.183 0
392.183 1
393.184 1
394.184 1
395.183 0
396.183 0
397.183 0
398.183 0
399.183 0
400.183 0
401.183 1
402.183 1
403.183 0
404.183 0
405.183 0
406.183 0
407.183 0
408.184 0
409.183 0
410.183 0
411.183 1
412.183 1
413.183 0
414.183 0
415.183 0
416.183 0
417.183 0
418.183 1
419.183 1
420.183 0
421.183 0
422.183 0
423.183 0
424.183 1
425.183 1
426.183 0
427.183 0
428.183 0
429.183 0
430.183 0
431.183 0
432.183 0
433.191 0
434.191 0
435.191 2
436.2 0
437.199 2
438.199 2
439.2 2
440.218 0
441.215 0
442.215 1
443.215 0
444.215 1
445.215 6
446.215 0
447.215 0
448.215 0
449.215 0
450.219 1
451.22 2
452.219 0
453.219 1
454.219 0
455.219 0
456.219 0
457.219 4
458.227 0
459.225 2
460.223 1
461.223 0
462.223 1
463.223 5
464.223 0
465.223 0
466.223 0
467.223 0
468.223 5
469.223 1
470.223 0
471.223 1
472.223 2
473.223 7
474.223 0
475.223 0
476.223 0
477.223 0
478.223 0
479.223 1
480.223 0
481.223 0
482.223 4
483.223 0
484.223 0
485.223 1
486.223 1
487.223 0
488.223 2
489.223 1
490.223 1
491.223 0
492.223 1
493.223 0
494.223 5
495.223 1
496.223 0
497.223 1
498.223 1
499.223 1
500.223 1
501.223 1
502.223 0
503.223 1
504.224 6
505.223 0
506.223 0
507.223 0
508.223 0
509.223 0
510.223 0
511.223 5
512.223 1
513.223 1
514.223 1
515.223 1
516.223 2
517.223 0
518.223 0
519.223 0
520.224 0
521.223 6
522.223 0
523.223 0
524.223 0
525.223 0
526.224 0
527.223 0
528.229 5
529.227 0
530.227 0
531.227 0
532.227 0
533.227 0
534.228 4
535.227 0
536.227 3
537.228 1
538.227 0
539.227 1
540.227 1
541.227 1
542.227 2
543.227 8
544.227 1
545.227 0
546.227 0
547.227 0
548.227 0
549.227 0
550.227 4
551.227 1
552.227 0
553.227 1
554.227 0
555.227 1
556.228 7
557.227 1
558.227 0
559.227 0
560.231 0
561.235 0
562.24 0
563.243 0
564.259 0
565.263 0
566.268 3
567.272 0
568.276 0
569.28 1
570.284 0
571.288 1
572.292 7
573.296 14
574.3 0
575.304 0
576.308 0
577.313 0
578.316 0
579.321 0
580.325 0
581.329 0
582.329 0
583.335 7
584.337 1
585.341 0
586.345 0
587.349 0
588.353 0
589.357 0
590.361 0
591.366 5
592.37 0
593.374 0
594.385 1
595.386 0
596.39 0
597.394 3
598.398 0
599.402 1
600.406 1
601.411 2
602.414 0
603.419 0
604.422 0
605.427 4
606.431 0
607.435 3
608.439 1
609.443 1
610.447 0
611.451 1
612.455 0
613.459 0
614.463 4
615.467 0
616.471 4
617.475 1
618.479 2
619.483 0
620.488 0
621.492 0
622.496 0
623.5 0
624.504 3
625.508 0
626.512 3
627.516 0
628.52 0
629.524 0
630.528 0
631.532 0
632.537 3
633.541 1
634.545 1
635.549 0
636.553 1
637.557 0
638.561 4
639.565 1
640.565 2
641.569 8
642.573 0
643.577 0
644.581 0
645.585 0
646.589 5
647.593 0
648.597 1
649.601 0
650.606 4
651.61 0
652.614 0
653.618 1
654.622 0
655.626 0
656.63 0
657.634 0
658.638 4
659.642 10
660.646 0
661.65 0
662.654 0
663.658 0
664.662 6
665.666 0
666.67 0
667.674 1
668.679 0
669.683 2
670.687 9
671.691 0
672.695 0
673.699 0
674.703 0
675.707 7
676.711 0
677.715 0
678.719 1
679.723 0
680.727 1
681.731 0
682.736 5
683.742 1
684.745 2
685.747 1
686.752 1
687.756 0
688.76 0
689.764 3
690.768 1
691.772 1
692.776 6
693.783 0
694.785 2
695.788 0
696.792 0
697.796 6
698.801 0
699.804 2
700.808 2
701.812 2
702.816 2
703.82 1
704.825 6
705.834 1
706.837 3
707.841 0
708.845 0
709.856 4
710.864 1
711.861 2
712.865 2
713.869 0
714.873 0
715.877 0
716.881 4
717.885 2
718.889 1
719.901 7
720.901 0
721.905 3
722.911 2
723.913 1
724.918 6
725.922 0
726.927 4
727.93 0
728.934 0
729.938 0
730.942 0
731.946 5
732.95 0
733.954 0
734.958 0
735.963 6
736.966 1
737.97 1
738.974 1
739.978 2
740.982 0
742.002 0
743.009 3
744.011 9
745.014 0
746.018 0
747.022 0
748.027 5
749.035 0
750.039 0
751.043 0
752.048 0
753.051 5
754.055 1
755.059 1
756.063 1
757.067 8
758.071 2
759.075 1
760.079 2
761.083 3
762.088 10
763.103 0
764.107 0
765.111 0
766.115 4
767.119 1
768.123 1
769.127 0
770.131 7
771.135 2
772.14 0
773.144 0
774.16 2
775.164 10
776.168 0
777.172 0
778.176 0
779.18 0
780.184 6
781.189 13
782.201 2
783.204 0
784.208 0
785.212 0
786.216 0
787.22 5
788.224 2
789.228 0
790.233 0
791.236 0
792.24 4
793.244 2
794.248 1
795.252 0
796.256 5
797.26 1
798.265 1
799.269 1
800.275 1
801.277 7
802.281 0
803.285 1
804.289 1
805.293 1
806.294 5
807.297 2
808.301 1
809.305 2
810.31 9
811.313 0
812.317 0
813.321 0
814.325 1
815.329 0
816.333 2
817.337 9
818.342 16
819.345 2
820.349 0
821.353 0
822.357 0
823.361 0
824.366 0
825.37 0
826.374 0
827.378 5
828.382 12
829.386 3
830.398 0
831.402 0
832.406 2
833.41 0
834.414 2
835.418 1
836.422 1
837.426 3
838.43 2
839.434 2
840.438 0
841.442 0
842.446 4
843.451 10
844.454 1
845.458 0
846.462 1
847.466 2
848.47 1
849.474 3
850.479 11
851.483 17
852.486 4
853.49 0
854.494 0
855.498 1
856.503 1
857.507 1
858.511 1
859.515 8
860.519 14
861.523 0
862.527 0
863.531 1
864.535 0
865.539 1
866.543 0
867.547 1
868.551 8
869.555 16
870.559 3
871.563 0
872.567 0
873.571 0
874.575 1
875.579 0
876.583 0
877.587 6
878.591 13
879.595 3
880.599 0
881.603 0
882.607 0
883.611 0
884.615 0
885.62 5
886.624 13
887.627 3
888.631 0
889.636 0
890.64 0
891.644 0
892.648 0
893.652 3
894.656 1
895.66 1
896.664 0
897.668 3
898.672 2
899.676 1
900.681 7
901.684 0
902.688 0
903.692 3
904.696 2
905.7 0
906.704 0
907.708 0
908.712 0
909.716 4
910.72 1
911.724 0
912.728 0
913.732 5
914.737 2
915.74 2
916.744 1
917.748 0
918.752 6
919.757 2
920.76 1
921.764 0
922.768 0
923.773 4
924.777 0
925.781 0
926.785 0
927.789 1
928.793 6
929.797 1
930.801 1
931.805 1
932.81 3
933.813 10
934.817 0
935.821 0
936.825 0
937.826 4
938.829 2
939.834 1
940.837 8
941.841 0
942.845 2
943.849 2
944.853 1
945.857 0
946.861 0
947.865 0
948.869 5
949.873 1
950.877 0
951.881 1
952.885 0
953.89 1
954.894 1
955.897 0
956.902 3
957.905 1
958.909 1
959.913 1
960.921 0
961.925 3
962.929 1
963.934 0
964.937 4
965.942 2
966.946 2
967.95 0
968.954 0
969.958 4
970.962 0
971.966 0
972.97 0
973.974 6
974.978 1
975.982 1
976.986 2
977.99 1
978.994 1
980.008 4
981.015 0
982.018 2
983.022 2
984.026 7
985.03 0
986.034 0
987.038 3
988.042 1
989.046 0
990.05 0
991.054 0
992.058 6
993.062 1
994.066 0
995.07 0
996.074 0
997.078 6
998.083 1
999.086 1
1000.09 1
1001.1 1
1002.1 0
1003.1 0
1004.11 3
1005.11 10
1006.11 1
1007.12 0
1008.12 0
1009.13 0
1010.13 3
1011.13 1
1012.14 0
1013.14 0
1014.15 5
1015.15 12
1016.17 0
1017.17 0
1018.18 0
1019.18 0
1020.18 0
1021.19 5
1022.19 13
1023.19 1
1024.2 0
1025.2 0
1026.21 0
1027.21 0
1028.21 0
1029.22 3
1030.22 10
1031.23 0
1032.23 0
1033.24 0
1034.24 0
1035.24 5
1036.25 11
1037.25 1
1038.26 0
1039.26 0
1040.26 0
1041.27 0
1042.27 5
1043.3 2
1044.3 0
1045.31 0
1046.31 0
1047.32 0
1048.32 5
1049.32 2
1050.33 0
1051.33 0
1052.34 0
1053.34 4
1054.34 2
1055.35 1
1056.35 6
1057.36 1
1058.36 1
1059.36 1
1060.37 8
1061.37 0
1062.38 0
1063.38 1
1064.38 1
1065.39 1
1066.39 1
1067.4 0
1068.4 0
1069.41 5
1070.41 12
1071.41 0
1072.42 0
1073.42 0
1074.42 0
1075.43 0
1076.43 6
1077.44 3
1078.44 0
1079.44 0
1080.45 0
1081.45 0
1082.46 4
1083.46 11
1084.46 3
1085.47 0
1086.47 0
1087.48 0
1088.48 5
1089.48 2
1090.49 0
1091.49 0
1092.5 0
1093.5 5
1094.5 1
1095.51 1
1096.51 1
1097.52 9
1098.52 14
1099.53 0
1100.53 0
1101.54 0
1102.54 0
1103.54 1
1104.56 6
1105.56 2
1106.56 1
1107.57 1
1108.57 1
1109.58 8
1110.58 14
1111.58 2
1112.59 0
1113.59 0
1114.6 0
1115.6 0
1116.6 0
1117.61 0
1118.61 6
1119.62 13
1120.62 3
1121.62 0
1122.63 0
1123.63 0
1124.64 0
1125.64 0
1126.64 4
1127.65 2
1128.65 0
1129.66 0
1130.66 0
1131.66 0
1132.67 4
1133.67 2
1134.68 0
1135.68 0
1136.69 3
1137.69 1
1138.69 1
1139.7 1
1140.7 7
1141.7 2
1142.7 0
1143.71 0
1144.71 0
1145.72 0
1146.72 7
1147.73 14
1148.73 3
1149.73 0
1150.74 0
1151.75 1
1152.75 1
1153.75 1
1154.76 1
1155.76 1
1156.77 2
1157.77 9
1158.77 17
1159.78 5
1160.78 0
1161.79 0
1162.79 1
1163.79 0
1164.8 0
1165.8 0
1166.81 0
1167.81 3
1168.81 3
1169.82 11
1170.82 3
1171.83 0
1172.83 0
1173.83 1
1174.84 1
1175.84 1
1176.85 2
1177.85 9
1178.89 3
1179.89 0
1180.9 0
1181.9 1
1182.91 1
1183.91 1
1184.91 1
1185.92 0
1186.92 0
1187.93 4
1188.93 11
1189.93 3
1190.94 0
1191.94 2
1192.95 1
1193.95 1
1194.95 0
1195.96 0
1196.96 4
1197.97 10
1198.97 3
1199.97 0
1200.98 0
1201.98 0
1202.99 3
1203.99 11
1204.99 3
1206 0
1207 1
1208.01 0
1209.01 1
1210.01 2
1211.02 5
1212.02 1
1213.03 0
1214.03 0
1215.03 1
1216.04 8
1217.04 4
1218.05 0
1219.05 0
1220.05 0
1221.06 5
1222.06 1
1223.07 1
1224.07 1
1225.07 9
1226.08 2
1227.09 0
1228.09 2
1229.09 1
1230.1 2
1231.1 10
1232.11 16
1233.11 3
1234.11 0
1235.12 0
1236.12 0
1237.13 0
1238.13 0
1239.13 0
1240.14 6
1241.14 13
1242.2 5
1243.21 5
1244.21 0
1245.21 0
1246.22 1
1247.22 1
1248.23 1
1249.23 1
1250.23 1
1251.24 8
1252.25 4
1253.26 5
1254.26 0
1255.27 0
1256.27 0
1257.27 0
1258.28 0
1259.28 6
1260.29 13
1261.29 4
1262.29 0
1263.3 0
1264.3 1
1265.31 1
1266.31 0
1267.31 2
1268.32 2
1269.32 0
1270.33 0
1271.33 0
1272.33 5
1273.34 13
1274.34 3
1275.35 0
1276.35 0
1277.35 0
1278.36 0
1279.36 0
1280.37 0
1281.37 1
1282.38 7
1283.38 15
1284.38 5
1285.39 5
1286.39 0
1287.39 0
1288.4 1
1289.4 1
1290.41 1
1291.41 1
1292.42 1
1293.42 9
1294.42 17
1295.43 5
1296.43 0
1297.43 0
1298.44 2
1299.45 0
1300.45 1
1301.46 1
1302.47 2
1303.47 1
1304.48 0
1305.49 1
1306.49 2
1307.5 1
1308.5 8
1309.5 3
1310.51 0
1311.51 0
1312.52 1
1313.52 7
1314.52 14
1315.53 3
1316.53 0
1317.54 0
1318.54 1
1319.55 1
1320.55 1
1321.56 1
1322.56 1
1323.56 0
1324.57 0
1325.57 4
1326.58 11
1327.58 4
1328.58 0
1329.59 1
1330.59 0
1331.6 2
1332.6 2
1333.6 10
1334.62 17
1335.64 5
1336.64 0
1337.65 0
1338.65 0
1339.66 0
1340.66 0
1341.66 5
1342.67 12
1343.68 4
1344.68 0
1345.68 1
1346.69 1
1347.69 1
1348.7 1
1349.7 0
1350.7 0
1351.71 4
1352.73 12
1353.73 2
1354.73 0
1355.74 0
1356.74 1
1357.75 1
1358.75 1
1359.76 1
1360.76 1
1361.76 9
1362.77 17
1363.77 6
1364.78 0
1365.78 0
1366.78 0
1367.79 0
1368.79 0
1369.8 6
1370.8 2
1371.8 1
1372.81 1
1373.82 9
1374.82 3
1375.82 0
1376.83 0
1377.83 0
1378.84 0
1379.84 7
1380.84 14
1381.85 4
1382.85 0
1383.86 0
1384.86 0
1385.86 1
1386.87 0
1387.87 0
1388.88 3
1389.88 12
1390.88 3
1391.89 0
1392.89 1
1393.9 0
1394.9 1
1395.9 9
1396.91 4
1397.92 3
1398.92 0
1399.92 0
1400.93 0
1401.93 0
1402.94 5
1403.94 3
1404.94 0
1405.95 0
1406.96 0
1407.96 0
1408.97 4
1409.97 11
1410.97 17
1411.98 0
1412.99 0
1413.99 1
1415 0
1416 0
1417 0
1418.01 5
1419.01 2
1420.02 1
1421.02 1
1422.03 8
1423.03 16
1424.03 6
1425.04 5
1426.04 0
1427.04 0
1428.05 0
1429.05 1
1430.06 0
1431.06 1
1432.09 8
1433.09 3
1434.09 0
1435.1 1
1436.1 0
1437.1 0
1438.12 7
1439.12 15
1440.12 5
1441.12 0
1442.13 0
1443.13 1
1444.14 0
1445.14 1
1446.15 1
1447.15 1
1448.15 9
1449.16 16
1450.16 5
1451.16 0
1452.17 0
1453.18 0
1454.18 0
1455.18 1
1456.19 1
1457.19 1
1458.2 2
1459.2 10
1460.2 18
1461.21 6
1462.21 0
1463.22 0
1464.23 0
1465.23 2
1466.23 0
1467.23 2
1468.24 0
1469.24 1
1470.24 10
1471.25 17
1472.25 6
1473.26 0
1474.26 0
1475.28 0
1476.28 1
1477.29 1
1478.29 1
1479.3 2
1480.3 1
1481.3 3
1482.31 11
1483.31 18
1484.31 6
1485.32 0
1486.32 0
1487.32 0
1488.33 0
1489.33 0
1490.34 0
1491.34 0
1492.35 5
1493.35 13
1494.35 5
1495.36 0
1496.36 0
1497.37 1
1498.37 1
1499.37 1
1500.38 1
1501.38 1
1502.39 3
1503.39 11
1504.39 19
1505.4 7
1506.4 4
1507.41 0
1508.41 0
1509.41 1
1510.42 1
1511.42 1
1512.43 1
1513.43 1
1514.43 8
1515.44 2
1516.44 0
1517.45 1
1518.45 1
1519.45 1
1520.46 9
1521.46 16
1522.47 5
1523.47 0
1524.47 0
1525.48 0
1526.48 0
1527.49 2
1528.5 1
1529.5 0
1530.5 4
1531.51 11
1532.51 19
1533.51 6
1534.52 1
1535.52 0
1536.53 0
1537.53 2
1538.53 1
1539.54 1
1540.54 1
1541.55 2
1542.55 10
1543.55 3
1544.56 0
1545.56 0
1546.57 0
1547.57 0
1548.57 0
1549.58 6
1550.59 14
1551.59 4
1552.59 0
1553.6 0
1554.6 1
1555.61 1
1556.61 1
1557.61 2
1558.62 1
1559.62 6
1560.63 3
1561.63 0
1562.63 0
1563.64 0
1564.64 0
1565.65 5
1566.65 13
1567.65 4
1568.66 0
1569.66 0
1570.67 1
1571.67 1
1572.67 1
1573.68 2
1574.68 10
1575.69 4
1576.7 0
1577.71 0
1578.71 0
1579.71 0
1580.72 0
1581.72 5
1582.73 2
1583.73 0
1584.73 0
1585.74 3
1586.74 1
1587.75 2
1588.75 5
1589.76 11
1590.76 3
1591.77 0
1592.77 0
1593.78 1
1594.78 4
1595.79 12
1596.79 18
1597.79 0
1598.8 0
1599.8 0
1600.81 0
1601.81 0
1602.81 0
1603.82 0
1604.82 5
1605.83 13
1606.83 4
1607.83 0
1608.84 0
1609.84 1
1610.85 1
1611.85 1
1612.85 1
1613.86 9
1614.86 16
1615.87 4
1616.87 0
1617.87 0
1618.88 0
1619.88 0
1620.89 1
1621.89 0
1622.89 7
1623.9 3
1624.9 0
1625.91 0
1626.91 0
1627.91 0
1628.92 6
1629.92 2
1630.93 1
1631.93 2
1632.93 9
1633.94 16
1634.94 3
1635.95 0
1636.95 0
1637.96 0
1638.96 0
1639.96 0
1640.97 3
1641.97 1
1642.98 0
1643.98 0
1644.98 5
1645.99 13
1646.99 4
1648 0
1649 1
1650.01 1
1651.02 1
1652.02 1
1653.02 2
1654.03 10
1655.03 17
1656.04 6
1657.04 1
1658.04 0
1659.05 0
1660.05 0
1661.06 0
1662.06 0
1663.06 0
1664.07 4
1665.07 2
1666.08 0
1667.08 0
1668.08 6
1669.09 14
1670.09 6
1671.1 6
1672.1 0
1673.1 0
1674.11 0
1675.11 0
1676.12 1
1677.12 0
1678.12 0
1679.13 6
1680.13 14
1681.17 7
1682.17 7
1683.18 0
1684.18 0
1685.18 0
1686.19 0
1687.19 0
1688.2 0
1689.2 0
1690.2 4
1691.21 2
1692.21 0
1693.22 0
1694.22 6
1695.22 14
1696.24 19
1697.25 6
1698.25 0
1699.26 0
1700.26 1
1701.26 1
1702.27 1
1703.27 0
1704.28 1
1705.28 1
1706.28 0
1707.29 4
1708.29 12
1709.3 5
1710.3 0
1711.3 0
1712.31 0
1713.31 1
1714.32 0
1715.32 0
1716.33 6
1717.33 14
1718.33 3
1719.33 0
1720.34 0
1721.34 2
1722.34 1
1723.35 3
1724.36 10
1725.36 4
1726.36 0
1727.36 0
1728.37 0
1729.37 0
1730.38 0
1731.38 0
1732.39 7
1733.39 4
1734.39 0
1735.4 0
1736.4 0
1737.41 0
1738.41 6
1739.41 12
1740.42 0
1741.42 0
1742.43 0
1743.43 0
1744.43 0
1745.44 5
1746.44 12
1747.47 4
1748.47 0
1749.48 0
1750.48 1
1751.49 0
1752.49 0
1753.49 0
1754.5 0
1755.5 6
1756.51 14
1757.51 6
1758.51 6
1759.52 0
1760.52 0
1761.53 1
1762.53 0
1763.53 1
1764.54 1
1765.54 8
1766.55 2
1767.55 0
1768.55 1
1769.56 0
1770.56 0
1771.58 4
1772.58 2
1773.58 10
1774.59 3
1775.59 0
1776.59 0
1777.6 0
1778.6 0
1779.61 0
1780.61 0
1781.61 6
1782.62 13
1783.62 4
1784.63 0
1785.63 0
1786.63 1
1787.64 1
1788.64 1
1789.65 1
1790.65 1
1791.65 8
1792.66 15
1793.66 5
1794.67 0
1795.67 0
1796.67 0
1797.68 0
1798.68 0
1799.69 2
1800.69 1
1801.7 3
1802.7 11
1803.7 4
1804.71 0
1805.71 1
1806.71 1
1807.72 0
1808.72 2
