80.0997 2
81.0998 2
82.0997 2
83.0997 3
84.0998 3
85.0997 4
86.0997 4
87.0998 5
88.0997 7
89.0997 9
90.0997 10
91.0997 14
92.0997 19
93.0997 30
94.0997 40
95.0997 72
96.0997 82
97.0997 70
98.0997 114
99.0997 104
100.1 104
101.1 144
102.1 112
103.1 110
104.1 118
105.1 132
106.1 113
107.1 130
108.1 128
109.1 125
110.1 127
111.1 125
112.1 135
113.1 137
114.104 122
115.104 119
116.104 140
117.104 139
118.104 115
119.104 134
120.104 126
121.104 128
122.104 123
123.104 131
124.104 139
125.104 122
126.104 129
127.104 109
128.107 129
129.104 138
130.104 116
131.104 139
132.104 116
133.104 138
134.104 133
135.104 118
136.104 103
137.105 119
138.104 125
139.104 117
140.104 123
141.104 132
142.104 126
143.104 123
144.104 127
145.104 124
146.104 131
147.104 115
148.104 126
149.104 127
150.104 117
151.104 125
152.104 115
153.104 127
154.112 128
155.112 123
156.112 131
157.112 130
158.112 123
159.112 133
160.112 130
161.112 128
162.112 128
163.112 126
164.112 131
165.112 133
166.112 121
167.112 113
168.112 133
169.112 121
170.112 126
171.112 119
172.112 118
173.112 139
174.112 125
175.112 119
176.112 131
177.112 124
178.112 121
179.112 133
180.112 111
181.112 100
182.112 147
183.112 114
184.112 129
185.112 112
186.112 134
187.112 118
188.112 128
189.112 132
190.112 118
191.112 126
192.112 122
193.112 143
194.112 125
195.112 131
196.112 128
197.128 124
198.128 132
199.128 121
200.128 131
201.128 137
202.128 107
203.128 127
204.128 123
205.128 133
206.128 120
207.128 133
208.128 122
209.128 160
210.128 133
211.128 139
212.128 125
213.128 134
214.128 113
215.128 130
216.128 148
217.128 117
218.128 138
219.128 127
220.128 134
221.144 127
222.144 138
223.144 126
224.143 128
225.144 131
226.144 127
227.144 154
228.143 116
229.144 136
230.144 131
231.143 138
232.143 154
233.143 124
234.143 142
235.143 122
236.143 142
237.144 137
238.144 126
239.143 137
240.143 140
241.143 161
242.143 120
243.143 146
244.143 126
245.144 142
246.143 138
247.144 147
248.144 140
249.143 124
250.144 139
251.143 131
252.143 136
253.143 138
254.143 145
255.143 126
256.143 135
257.144 143
258.159 142
259.16 140
260.159 139
261.159 127
262.159 145
263.159 134
264.159 129
265.159 147
266.159 141
267.159 155
268.16 128
269.159 139
270.159 139
271.159 151
272.159 143
273.159 141
274.16 130
275.159 160
276.159 171
277.159 111
278.159 146
279.159 148
280.159 144
281.159 144
282.159 143
283.159 147
284.159 166
285.159 129
286.159 141
287.159 167
288.16 141
289.159 160
290.159 144
291.159 166
292.159 147
293.159 145
294.159 152
295.159 160
296.159 164
297.159 144
298.16 159
299.159 127
300.159 157
301.159 160
302.159 148
303.16 154
304.159 154
305.159 180
306.159 121
307.159 161
308.159 176
309.159 135
310.159 165
311.159 167
312.159 148
313.159 149
314.159 154
315.16 185
316.159 133
317.159 183
318.159 145
319.159 166
320.159 191
321.159 156
322.159 154
323.159 174
324.159 148
325.159 166
326.159 158
327.159 161
328.159 157
329.159 182
330.159 175
331.159 176
332.161 158
333.159 158
334.159 181
335.159 150
336.166 187
337.163 178
338.163 165
339.163 182
340.163 174
341.163 148
342.163 162
343.163 170
344.163 194
345.163 154
346.163 163
347.163 172
348.163 175
349.163 178
350.163 191
351.163 141
352.163 168
353.163 178
354.163 175
355.163 198
356.163 175
357.163 152
358.163 171
359.163 192
360.163 170
361.163 182
362.163 150
363.163 191
364.163 203
365.163 175
366.163 177
367.163 190
368.163 187
369.163 208
370.163 180
371.164 145
372.163 195
373.163 163
374.163 218
375.172 179
376.171 181
377.171 201
378.171 185
379.171 201
380.171 178
381.171 214
382.171 204
383.171 184
384.171 197
385.171 204
386.171 196
387.184 225
388.183 182
389.184 226
390.183 180
391.183 218
392.183 230
393.184 199
394.184 205
395.183 199
396.183 193
397.183 193
398.183 226
399.183 211
400.183 220
401.183 232
402.183 207
403.183 166
404.183 193
405.183 246
406.183 183
407.183 220
408.184 245
409.183 223
410.183 255
411.183 233
412.183 227
413.183 174
414.183 210
415.183 242
416.183 234
417.183 205
418.183 239
419.183 253
420.183 163
421.183 239
422.183 216
423.183 250
424.183 223
425.183 238
426.183 207
427.183 259
428.183 234
429.183 228
430.183 227
431.183 283
432.183 240
433.191 284
434.191 252
435.191 364
436.2 252
437.199 337
438.199 329
439.2 380
440.218 601
441.215 73
442.215 244
443.215 249
444.215 279
445.215 723
446.215 425
447.215 58
448.215 192
449.215 236
450.219 286
451.22 350
452.219 291
453.219 308
454.219 493
455.219 184
456.219 290
457.219 563
458.227 170
459.225 339
460.223 307
461.223 356
462.223 296
463.223 644
464.223 120
465.223 187
466.223 282
467.223 312
468.223 695
469.223 289
470.223 141
471.223 275
472.223 386
473.223 765
474.223 241
475.223 82
476.223 220
477.223 238
478.223 268
479.223 344
480.223 540
481.223 185
482.223 516
483.223 674
484.223 45
485.223 195
486.223 228
487.223 279
488.223 415
489.223 326
490.223 266
491.223 487
492.223 205
493.223 282
494.223 673
495.223 609
496.223 38
497.223 183
498.223 229
499.223 238
500.223 275
501.223 325
502.223 383
503.223 295
504.223 798
505.223 336
506.223 71
507.223 213
508.223 228
509.223 275
510.223 335
511.223 741
512.223 267
513.223 162
514.223 267
515.223 284
516.223 343
517.223 617
518.223 125
519.223 263
520.224 287
521.223 852
522.223 549
523.223 31
524.223 146
525.223 234
526.224 220
527.223 301
528.229 714
529.227 652
530.227 38
531.227 160
532.227 259
533.227 202
534.228 579
535.227 108
536.227 504
537.228 582
538.227 57
539.227 218
540.227 282
541.227 248
542.227 429
543.227 890
544.227 334
545.227 38
546.227 154
547.227 223
548.227 248
549.227 276
550.227 635
551.227 497
552.227 69
553.227 232
554.227 226
555.227 357
556.228 819
557.227 550
558.227 15
559.227 84
560.231 218
561.235 245
562.24 233
563.243 284
564.259 571
565.263 150
566.268 482
567.272 550
568.276 78
569.28 282
570.284 217
571.288 318
572.292 899
573.296 903
574.3 178
575.304 18
576.308 82
577.313 211
578.316 252
579.321 227
580.325 260
581.329 278
582.329 282
583.335 909
584.337 661
585.341 22
586.345 100
587.349 222
588.353 223
589.357 264
590.361 249
591.366 769
592.37 578
593.374 61
594.385 229
595.386 180
596.39 299
597.394 445
598.398 495
599.402 189
600.406 270
601.411 330
602.414 598
603.419 179
604.422 273
605.427 563
606.431 187
607.435 487
608.439 281
609.443 302
610.447 468
611.451 269
612.455 479
613.459 270
614.463 611
615.467 187
616.471 523
617.475 264
618.479 416
619.483 319
620.488 330
621.492 430
622.496 380
623.5 443
624.504 497
625.508 194
626.512 533
627.516 492
628.52 169
629.524 251
630.528 655
631.532 167
632.537 492
633.541 261
634.545 321
635.549 422
636.553 272
637.557 457
638.561 526
639.565 229
640.565 390
641.569 835
642.573 59
643.577 182
644.581 256
645.585 350
646.589 720
647.593 352
648.597 239
649.601 231
650.606 656
651.61 740
652.614 70
653.618 253
654.622 228
655.626 568
656.63 205
657.634 363
658.638 565
659.642 862
660.646 45
661.65 145
662.654 261
663.658 259
664.662 822
665.666 729
666.67 45
667.674 221
668.679 213
669.683 348
670.687 1013
671.691 66
672.695 173
673.699 300
674.703 285
675.707 964
676.711 449
677.715 113
678.719 290
679.723 245
680.727 581
681.731 258
682.736 764
683.742 307
684.745 406
685.747 497
686.752 284
687.756 666
688.76 230
689.764 557
690.768 291
691.772 272
692.776 862
693.783 187
694.785 431
695.788 379
696.792 297
697.796 868
698.801 187
699.804 339
700.808 451
701.812 484
702.816 551
703.82 295
704.825 773
705.834 238
706.837 546
707.841 617
708.845 188
709.856 608
710.864 305
711.861 309
712.865 463
713.869 771
714.873 129
715.877 388
716.881 596
717.885 355
718.889 330
719.901 901
720.901 128
721.905 401
722.911 353
723.913 434
724.918 675
725.922 185
726.927 589
727.93 747
728.934 126
729.938 236
730.942 362
731.946 681
732.95 650
733.954 97
734.958 249
735.963 822
736.966 209
737.97 276
738.974 320
739.978 807
740.982 206
742.002 456
743.009 476
744.011 910
745.014 73
746.018 239
747.022 289
748.027 780
749.035 747
750.039 63
751.043 230
752.048 281
753.051 728
754.055 229
755.059 273
756.063 316
757.067 981
758.071 246
759.075 192
760.079 317
761.083 511
762.088 955
763.103 158
764.107 174
765.111 241
766.115 628
767.119 322
768.123 270
769.127 281
770.131 929
771.135 409
772.14 166
773.144 243
774.16 433
775.164 1092
776.168 108
777.172 161
778.176 311
779.18 203
780.184 875
781.189 1007
782.201 248
783.204 71
784.208 192
785.212 227
786.216 259
787.22 762
788.224 469
789.228 147
790.233 255
791.236 474
792.24 604
793.244 263
794.248 493
795.252 212
796.256 801
797.26 326
798.265 266
799.269 285
800.275 502
801.277 765
802.281 386
803.285 210
804.289 264
805.293 416
806.294 640
807.297 293
808.301 247
809.305 439
810.31 1086
811.313 749
812.317 30
813.321 152
814.325 269
815.329 212
816.333 374
817.337 1053
818.342 676
819.345 409
820.349 50
821.353 171
822.357 223
823.361 207
824.366 248
825.37 623
826.374 160
827.378 668
828.382 1084
829.386 282
830.398 50
831.402 195
832.406 288
833.41 155
834.414 382
835.418 412
836.422 564
837.426 320
838.43 340
839.434 605
840.438 413
841.442 216
842.446 596
843.451 974
844.454 348
845.458 75
846.462 180
847.466 305
848.47 270
849.474 540
850.479 1142
851.483 413
852.486 598
853.49 28
854.494 138
855.498 234
856.503 232
857.507 236
858.511 296
859.515 1004
860.519 862
861.523 32
862.527 68
863.531 230
864.535 200
865.539 299
866.543 241
867.547 377
868.551 1075
869.555 732
870.559 483
871.563 25
872.567 158
873.571 177
874.575 272
875.579 204
876.583 339
877.587 794
878.591 1057
879.595 168
880.599 49
881.603 182
882.607 244
883.611 242
884.615 297
885.62 753
886.624 1067
887.627 435
888.631 24
889.636 92
890.64 222
891.644 247
892.648 234
893.652 514
894.656 468
895.66 255
896.664 562
897.668 323
898.672 293
899.676 385
900.681 949
901.684 143
902.688 222
903.692 531
904.696 584
905.7 166
906.704 231
907.708 652
908.712 176
909.716 587
910.72 571
911.724 170
912.728 198
913.732 771
914.737 136
915.74 360
916.744 517
917.748 229
918.752 850
919.757 167
920.76 274
921.764 593
922.768 243
923.773 683
924.776 561
925.781 121
926.785 280
927.789 424
928.793 793
929.797 320
930.801 246
931.805 235
932.81 564
933.813 996
934.817 53
935.821 186
936.825 249
937.826 597
938.829 214
939.834 366
940.837 905
941.841 86
942.845 359
943.849 411
944.853 885
945.857 66
946.861 250
947.865 222
948.869 825
949.873 738
950.877 62
951.881 205
952.885 230
953.89 303
954.894 592
955.897 207
956.902 511
957.905 459
958.909 247
959.913 625
960.921 200
961.925 509
962.929 548
963.934 225
964.937 560
965.942 225
966.945 424
967.95 662
968.954 226
969.958 574
970.962 472
971.966 177
972.97 256
973.974 871
974.978 308
975.982 173
976.986 399
977.99 328
978.994 472
980.008 663
981.015 182
982.018 300
983.022 460
984.026 818
985.03 120
986.034 254
987.038 572
988.042 709
989.046 111
990.05 242
991.054 319
992.058 826
993.062 641
994.066 69
995.07 247
996.074 231
997.078 886
998.083 180
999.086 252
1000.09 248
1001.1 732
1002.1 139
1003.1 291
1004.11 527
1005.11 998
1006.11 204
1007.12 98
1008.12 295
1009.13 198
1010.13 472
1011.13 494
1012.14 261
1013.14 262
1014.15 828
1015.15 946
1016.17 165
1017.17 82
1018.18 216
1019.18 247
1020.18 261
1021.19 811
1022.19 1055
1023.19 261
1024.2 36
1025.2 121
1026.21 260
1027.21 219
1028.21 296
1029.22 542
1030.22 989
1031.23 35
1032.23 149
1033.24 353
1034.24 212
1035.24 767
1036.25 957
1037.25 255
1038.26 60
1039.26 193
1040.26 272
1041.27 218
1042.27 744
1043.3 848
1044.3 34
1045.31 201
1046.31 228
1047.32 271
1048.32 752
1049.32 646
1050.33 71
1051.33 210
1052.34 230
1053.34 623
1054.34 229
1055.35 399
1056.35 743
1057.36 189
1058.36 243
1059.36 334
1060.37 987
1061.37 533
1062.38 58
1063.38 221
1064.38 218
1065.39 322
1066.39 638
1067.4 189
1068.4 263
1069.41 811
1070.41 945
1071.41 33
1072.42 111
1073.42 214
1074.42 262
1075.43 307
1076.43 886
1077.44 663
1078.44 46
1079.44 165
1080.45 245
1081.45 247
1082.46 683
1083.46 1002
1084.46 38
1085.47 124
1086.47 216
1087.48 283
1088.48 715
1089.48 439
1090.49 119
1091.49 230
1092.5 251
1093.5 688
1094.5 193
1095.51 269
1096.51 391
1097.52 1072
1098.52 692
1099.53 220
1100.53 83
1101.54 197
1102.54 248
1103.54 283
1104.56 789
1105.56 128
1106.56 255
1107.57 265
1108.57 484
1109.58 957
1110.58 799
1111.58 317
1112.59 22
1113.59 148
1114.6 227
1115.6 236
1116.6 255
1117.61 330
1118.61 826
1119.62 1111
1120.62 129
1121.62 34
1122.63 141
1123.63 254
1124.64 205
1125.64 299
1126.64 578
1127.65 830
1128.65 82
1129.66 167
1130.66 342
1131.66 367
1132.67 585
1133.67 759
1134.68 106
1135.68 180
1136.69 517
1137.69 377
1138.69 248
1139.7 274
1140.7 955
1141.7 443
1142.7 83
1143.71 224
1144.71 259
1145.72 309
1146.72 976
1147.73 938
1148.73 305
1149.73 177
1150.74 86
1151.75 278
1152.75 204
1153.75 226
1154.76 258
1155.76 348
1156.77 452
1157.77 1044
1158.77 666
1159.78 335
1160.78 465
1161.79 50
1162.79 181
1163.79 206
1164.8 200
1165.8 253
1166.81 312
1167.81 453
1168.81 439
1169.82 1106
1170.82 582
1171.83 24
1172.83 101
1173.83 251
1174.84 208
1175.84 242
1176.85 375
1177.85 1036
1178.89 688
1179.89 245
1180.9 56
1181.9 213
1182.91 229
1183.91 251
1184.91 267
1185.92 441
1186.92 422
1187.93 480
1188.93 1110
1189.93 33
1190.94 120
1191.94 295
1192.95 205
1193.95 692
1194.95 164
1195.96 288
1196.96 579
1197.97 993
1198.97 47
1199.97 103
1200.98 267
1201.98 334
1202.99 518
1203.99 1085
1204.99 117
1206 102
1207 226
1208.01 222
1209.01 271
1210.01 764
1211.02 451
1212.02 406
1213.03 171
1214.03 284
1215.03 296
1216.04 1018
1217.04 498
1218.05 84
1219.05 205
1220.05 233
1221.06 657
1222.06 243
1223.07 233
1224.07 332
1225.07 1067
1226.08 266
1227.09 146
1228.09 305
1229.09 268
1230.1 390
1231.1 1138
1232.11 574
1233.11 509
1234.11 27
1235.12 126
1236.12 247
1237.13 216
1238.13 269
1239.13 257
1240.14 843
1241.14 1115
1242.2 13
1243.21 837
1244.21 18
1245.21 90
1246.22 219
1247.22 245
1248.23 216
1249.23 291
1250.23 296
1251.24 1047
1252.25 768
1253.26 118
1254.26 42
1255.27 187
1256.27 214
1257.27 264
1258.28 277
1259.28 895
1260.29 1003
1261.29 572
1262.29 20
1263.3 101
1264.3 217
1265.31 260
1266.31 197
1267.31 375
1268.32 779
1269.32 151
1270.33 202
1271.33 247
1272.33 816
1273.34 1082
1274.34 140
1275.35 510
1276.35 63
1277.35 189
1278.36 216
1279.36 235
1280.37 236
1281.37 328
1282.38 898
1283.38 988
1284.38 18
1285.39 852
1286.39 21
1287.39 108
1288.4 251
1289.4 237
1290.41 250
1291.41 272
1292.42 338
1293.42 1120
1294.42 643
1295.43 590
1296.43 16
1297.43 72
1298.44 297
1299.45 200
1300.45 254
1301.46 226
1302.47 432
1303.47 784
1304.48 114
1305.49 256
1306.49 397
1307.5 369
1308.5 957
1309.5 125
1310.51 218
1311.51 236
1312.52 415
1313.52 942
1314.52 940
1315.53 438
1316.53 141
1317.54 93
1318.54 248
1319.55 199
1320.55 288
1321.56 271
1322.56 698
1323.56 203
1324.57 238
1325.57 684
1326.58 1036
1327.58 325
1328.58 69
1329.59 246
1330.59 183
1331.6 315
1332.6 427
1333.6 1090
1334.62 544
1335.64 463
1336.64 42
1337.65 160
1338.65 225
1339.66 231
1340.66 235
1341.66 727
1342.67 1106
1343.68 63
1344.68 83
1345.68 238
1346.69 249
1347.69 287
1348.7 696
1349.7 211
1350.7 310
1351.71 694
1352.73 1093
1353.73 401
1354.73 246
1355.74 126
1356.74 225
1357.75 250
1358.75 248
1359.76 337
1360.76 369
1361.76 1137
1362.77 669
1363.77 577
1364.78 32
1365.78 132
1366.78 224
1367.79 243
1368.79 272
1369.8 882
1370.8 267
1371.8 210
1372.81 332
1373.82 1130
1374.82 632
1375.82 38
1376.83 145
1377.83 240
1378.84 243
1379.84 975
1380.84 952
1381.85 484
1382.85 15
1383.86 85
1384.86 209
1385.86 246
1386.87 262
1387.87 224
1388.88 525
1389.88 1261
1390.88 21
1391.89 79
1392.89 273
1393.9 227
1394.9 320
1395.9 1077
1396.91 685
1397.92 172
1398.92 67
1399.92 213
1400.93 224
1401.93 255
1402.94 753
1403.94 866
1404.94 55
1405.95 147
1406.96 325
1407.96 204
1408.97 589
1409.97 1141
1410.97 299
1411.98 560
1412.99 45
1413.99 212
1415 185
1416 269
1417 224
1418.01 697
1419.01 238
1420.02 258
1421.02 377
1422.03 1040
1423.03 819
1424.03 0
1425.04 992
1426.04 32
1427.04 153
1428.05 218
1429.05 266
1430.06 233
1431.06 282
1432.09 1003
1433.09 373
1434.09 83
1435.1 200
1436.1 270
1437.1 302
1438.12 1031
1439.12 908
1440.12 534
1441.12 103
1442.13 67
1443.13 221
1444.14 206
1445.14 244
1446.15 276
1447.15 333
1448.15 1145
1449.16 716
1450.16 180
1451.16 667
1452.17 55
1453.18 197
1454.18 207
1455.18 292
1456.19 219
1457.19 256
1458.2 332
1459.2 1208
1460.2 532
1461.21 524
1462.21 478
1463.22 60
1464.23 187
1465.23 276
1466.23 166
1467.23 325
1468.24 218
1469.24 334
1470.24 1272
1471.25 569
1472.25 155
1473.26 829
1474.26 26
1475.28 130
1476.28 257
1477.29 196
1478.29 243
1479.3 304
1480.3 250
1481.3 503
1482.31 1143
1483.31 404
1484.31 761
1485.32 162
1486.32 37
1487.32 154
1488.33 297
1489.33 162
1490.34 284
1491.34 206
1492.35 733
1493.35 1186
1494.35 158
1495.36 700
1496.36 40
1497.37 184
1498.37 241
1499.37 262
1500.38 215
1501.38 269
1502.39 469
1503.39 1213
1504.39 365
1505.4 185
1506.4 943
1507.41 31
1508.41 146
1509.41 218
1510.42 249
1511.42 230
1512.43 255
1513.43 306
1514.43 1033
1515.44 438
1516.44 56
1517.45 283
1518.45 214
1519.45 315
1520.46 1079
1521.46 714
1522.47 248
1523.47 559
1524.47 50
1525.48 201
1526.48 211
1527.49 303
1528.5 275
1529.5 193
1530.5 584
1531.51 1136
1532.51 323
1533.51 422
1534.52 582
1535.52 44
1536.53 138
1537.53 311
1538.53 198
1539.54 257
1540.54 276
1541.55 322
1542.55 1231
1543.55 398
1544.56 49
1545.56 148
1546.57 246
1547.57 234
1548.57 323
1549.58 830
1550.59 1139
1551.59 459
1552.59 19
1553.6 111
1554.6 255
1555.61 281
1556.61 244
1557.61 311
1558.62 494
1559.62 705
1560.63 770
1561.63 46
1562.63 159
1563.64 255
1564.64 259
1565.65 843
1566.65 1098
1567.65 444
1568.66 19
1569.66 117
1570.67 263
1571.67 204
1572.67 265
1573.68 344
1574.68 1213
1575.69 625
1576.7 32
1577.71 62
1578.71 221
1579.71 252
1580.72 252
1581.72 747
1582.73 617
1583.73 120
1584.73 216
1585.74 453
1586.74 269
1587.75 683
1588.75 485
1589.76 963
1590.76 36
1591.77 129
1592.77 250
1593.78 259
1594.78 581
1595.79 1184
1596.79 277
1597.79 619
1598.8 54
1599.8 197
1600.81 177
1601.81 241
1602.81 206
1603.82 269
1604.82 728
1605.83 1147
1606.83 464
1607.83 24
1608.84 154
1609.84 214
1610.85 255
1611.85 275
1612.85 272
1613.86 1221
1614.86 655
1615.87 580
1616.87 30
1617.87 143
1618.88 249
1619.88 228
1620.89 260
1621.89 251
1622.89 921
1623.9 735
1624.9 60
1625.91 168
1626.91 238
1627.91 239
1628.92 791
1629.92 206
1630.93 267
1631.93 395
1632.93 1040
1633.94 714
1634.94 460
1635.95 28
1636.95 149
1637.96 273
1638.96 228
1639.96 280
1640.97 541
1641.97 603
1642.98 173
1643.98 257
1644.98 799
1645.99 1102
1646.99 283
1648 32
1649 161
1650.01 265
1651.02 254
1652.02 250
1653.02 455
1654.03 1090
1655.03 544
1656.04 380
1657.04 590
1658.04 44
1659.05 154
1660.05 219
1661.06 261
1662.06 231
1663.06 264
1664.07 594
1665.07 454
1666.08 244
1667.08 276
1668.08 810
1669.09 1141
1670.09 19
1671.1 841
1672.1 18
1673.1 125
1674.11 205
1675.11 219
1676.12 288
1677.12 210
1678.12 326
1679.13 827
1680.13 1128
1681.17 0
1682.17 949
1683.18 13
1684.18 80
1685.18 213
1686.19 236
1687.19 216
1688.2 211
1689.2 231
1690.2 634
1691.21 346
1692.21 253
1693.22 289
1694.22 967
1695.22 1026
1696.24 0
1697.25 957
1698.25 15
1699.26 107
1700.26 232
1701.26 245
1702.27 254
1703.27 223
1704.28 285
1705.28 582
1706.28 253
1707.29 588
1708.29 1193
1709.3 448
1710.3 97
1711.3 60
1712.31 211
1713.31 264
1714.32 232
1715.32 274
1716.33 830
1717.33 1122
1718.33 112
1719.33 52
1720.34 179
1721.34 307
1722.34 215
1723.35 433
1724.36 1137
1725.36 603
1726.36 27
1727.36 115
1728.37 250
1729.37 197
1730.38 269
1731.38 315
1732.39 1031
1733.39 599
1734.39 80
1735.4 138
1736.4 254
1737.41 239
1738.41 848
1739.41 969
1740.42 32
1741.42 114
1742.43 264
1743.43 330
1744.43 231
1745.44 802
1746.44 978
1747.47 240
1748.47 605
1749.48 45
1750.48 206
1751.49 213
1752.49 219
1753.49 279
1754.5 253
1755.5 876
1756.51 1098
1757.51 80
1758.51 698
1759.52 26
1760.52 136
1761.53 231
1762.53 226
1763.53 241
1764.54 269
1765.54 1031
1766.55 130
1767.55 141
1768.55 265
1769.56 241
1770.56 441
1771.58 616
1772.58 251
1773.58 1094
1774.59 681
1775.59 67
1776.59 79
1777.6 212
1778.6 199
1779.61 282
1780.61 291
1781.61 842
1782.62 1104
1783.62 279
1784.63 252
1785.63 80
1786.63 221
1787.64 239
1788.64 227
1789.65 305
1790.65 333
1791.65 1035
1792.66 797
1793.66 401
1794.67 334
1795.67 55
1796.67 154
1797.68 295
1798.68 198
1799.69 330
1800.69 236
1801.7 487
1802.7 1158
1803.7 388
1804.71 35
1805.71 169
1806.71 219
1807.72 250
1808.72 334
1809.73 982
