#	Dread	Dwrite	CP	Meta 	Filemap	Cache	Hread	Hwrite	
#fio                                                 
D	3221	5390	0	0    	0	0	0	0		
Z	0	0	4522	991 	6057 	9298	2299	1592
#TPC-C                                               
D	3276	6817	0	0    	0    	0	0	0		
Z	0	0	7101	1387 	8709 	6771	1274	3644	
#ycsba                                               
D	3476	7566	0	0    	0    	0	0	0		
Z	0	0	7444	1542 	10288 	8251	1424	3207	
#ycsbf                                               
D	3404	7345	0	0    	0    	0	0	0		
Z	0	0	7215	1558 	8831 	8063	1484	4386	
#fileserver                                          
D	872	2556	0	0    	0    	0	0	0		
Z	0	0	8822	2270 	5160 	11311	2449	3385	
