733.289 24
734.293 23
735.297 25
736.301 23
737.305 21
738.309 25
739.313 24
740.317 23
741.321 25
742.325 24
743.329 24
744.333 24
745.337 26
746.341 25
747.345 25
748.349 24
749.353 25
750.357 27
751.361 23
752.366 23
753.37 24
754.374 22
755.378 23
756.382 24
757.386 25
758.39 24
759.395 24
760.398 23
761.402 26
762.406 25
763.41 24
764.419 24
765.422 22
766.426 24
767.43 25
768.434 24
769.439 26
770.442 22
771.446 26
772.45 24
773.462 24
774.466 24
775.47 25
776.474 24
777.478 24
778.482 24
779.486 23
780.49 25
781.494 22
782.499 24
783.503 24
784.507 24
785.511 22
786.515 24
787.519 23
788.523 21
789.527 23
790.531 25
791.535 24
792.539 25
793.543 24
794.547 24
795.551 23
796.555 24
797.559 24
798.563 24
799.572 22
800.575 23
801.579 24
802.583 24
803.587 24
804.591 23
805.595 24
806.599 22
807.603 23
808.607 25
809.611 24
810.618 23
811.62 23
812.623 22
813.628 23
814.632 21
815.636 25
816.64 25
817.644 23
818.648 22
819.652 23
820.656 23
821.66 21
822.664 23
823.668 25
824.672 22
825.676 23
826.681 22
827.684 23
828.688 22
829.692 23
830.696 21
831.7 23
832.704 21
833.708 22
834.712 22
835.716 22
836.72 24
837.725 23
838.728 25
839.732 22
840.736 23
841.74 21
842.744 22
843.748 20
844.752 19
845.752 25
846.757 21
847.761 25
848.765 23
849.769 21
850.773 20
851.777 22
852.781 23
853.785 31
854.789 30
855.793 23
856.797 24
857.801 23
858.805 21
859.809 20
860.813 27
861.817 23
862.826 21
863.829 20
864.833 20
865.837 31
866.841 22
867.845 24
868.849 23
869.853 22
870.857 23
871.861 21
872.865 20
873.869 25
874.873 27
875.877 22
876.881 23
877.885 21
878.889 22
879.894 22
880.898 26
881.902 25
882.906 21
883.917 23
884.922 21
885.926 20
886.93 21
887.934 22
888.938 33
889.942 28
890.946 24
891.95 23
892.963 25
893.966 20
894.97 21
895.974 27
896.978 23
897.982 24
898.986 21
899.99 21
900.994 24
901.998 29
903.002 25
904.006 23
905.01 23
906.014 21
907.018 23
908.022 22
909.027 22
910.03 24
911.034 29
912.038 27
913.042 24
914.047 23
915.052 21
916.055 22
917.059 22
918.064 25
919.067 25
920.071 26
921.075 32
922.079 30
923.083 26
924.087 24
925.091 23
926.095 23
927.099 23
928.103 24
929.107 18
930.111 22
931.115 23
932.119 31
933.123 28
934.127 22
935.131 23
936.135 21
937.139 22
938.143 29
939.147 24
940.151 24
941.16 21
942.163 23
943.167 22
944.171 25
945.175 26
946.179 33
947.184 26
948.188 23
949.192 23
950.195 23
951.2 24
952.204 23
953.208 20
954.212 23
955.216 30
956.22 29
957.224 24
958.228 22
959.232 22
960.236 22
961.24 22
962.244 26
963.248 27
964.252 23
965.256 23
966.261 21
967.264 23
968.269 22
969.272 25
970.276 30
971.28 31
972.292 24
973.296 24
974.3 22
975.304 22
976.308 24
977.312 23
978.324 26
979.328 21
980.332 23
981.336 23
982.34 25
983.344 23
984.349 20
985.353 24
986.352 24
987.356 26
988.361 34
989.365 27
990.369 24
991.373 22
992.377 23
993.381 24
994.385 20
995.389 21
996.393 22
997.407 28
998.409 31
999.413 25
1000.42 23
1001.42 23
1002.42 22
1003.43 23
1004.43 27
1005.44 23
1006.44 22
1007.45 21
1008.45 23
1009.45 22
1010.46 22
1011.46 23
1012.47 19
1013.47 21
1014.48 22
1015.49 19
1016.49 22
1017.5 19
1018.5 21
1019.51 22
1020.51 21
1021.51 21
1022.52 19
1023.52 19
1024.53 21
1025.53 19
1026.53 21
1027.54 21
1028.54 21
1029.55 21
1030.55 18
1031.55 21
1032.56 21
1033.56 18
1034.57 28
1035.57 23
1036.57 21
1037.58 22
1038.58 21
1039.59 23
1040.59 20
1041.61 22
1042.61 25
1043.61 26
1044.61 22
1045.62 23
1046.62 22
1047.63 24
1048.63 26
1049.63 22
1050.64 20
1051.64 25
1052.65 18
1053.65 25
1054.65 21
1055.66 20
1056.66 30
1057.67 23
1058.67 24
1059.67 21
1060.68 20
1061.68 19
1062.69 30
1063.69 26
1064.69 25
1065.7 23
1066.71 19
1067.71 25
1068.72 25
1069.72 22
1070.73 22
1071.73 22
1072.73 21
1073.74 20
1074.76 19
1075.76 19
1076.76 20
1077.77 17
1078.77 24
1079.77 20
1080.78 20
1081.78 19
1082.79 17
1083.79 23
1084.79 21
1085.8 22
1086.8 21
1087.81 20
1088.81 19
1089.81 19
1090.82 20
1091.82 22
1092.83 21
1093.83 23
1094.84 19
1095.84 22
1096.84 20
1097.85 20
1098.85 22
1099.85 17
1100.86 21
1101.86 21
1102.87 21
1103.87 19
1104.88 19
1105.88 21
1106.89 19
1107.89 15
1108.89 25
1109.9 20
1110.91 22
1111.91 20
1112.91 17
1113.92 25
1114.92 21
1115.93 19
1116.93 21
1117.93 21
1118.94 17
1119.94 24
1120.95 21
1121.95 22
1122.95 21
1123.96 18
1124.96 23
1125.97 20
1126.97 21
1127.97 21
1128.98 17
1129.98 26
1130.99 20
1131.99 21
1133 20
1134 18
1135 21
1136.01 17
1137.01 24
1138.02 18
1139.02 17
1140.02 27
1141.04 19
1142.04 22
1143.05 20
1144.08 16
1145.08 27
1146.08 24
1147.09 20
1148.09 21
1149.1 19
1150.1 17
1151.1 25
1152.11 24
1153.11 22
1154.12 20
1155.12 21
1156.12 23
1157.13 21
1158.13 18
1159.14 24
1160.14 22
1161.14 22
1162.15 17
1163.15 26
1164.16 21
1165.16 20
1166.16 20
1167.17 22
1168.18 18
1169.18 25
1170.18 21
1171.19 21
1172.19 19
1173.2 19
1174.2 23
1175.2 23
1176.21 22
1177.21 21
1178.22 24
1179.22 20
1180.22 23
1181.23 20
1182.23 21
1183.24 18
1184.24 20
1185.24 17
1186.25 29
1187.25 22
1188.26 23
1189.26 21
1190.26 20
1191.27 17
1192.27 24
1193.28 30
1194.28 24
1195.28 24
1196.29 22
1197.29 22
1198.3 20
1199.3 20
1200.3 20
1201.31 19
1202.31 18
1203.32 30
1204.32 25
1205.32 23
1206.33 22
1207.33 22
1208.34 23
1209.34 21
1210.34 20
1211.38 18
1212.38 24
1213.38 28
1214.39 30
1215.39 22
1216.4 22
1217.4 24
1218.4 22
1219.41 20
1220.41 20
1221.42 19
1222.42 19
1223.42 28
1224.43 30
1225.43 26
1226.44 24
1227.44 24
1228.44 22
1229.45 24
1230.45 21
1231.46 19
1232.46 22
1233.46 30
1234.47 25
1235.47 22
1236.48 22
1237.48 23
1238.48 23
1239.48 22
1240.49 25
1241.49 21
1242.5 20
1243.5 20
1244.5 20
1245.51 15
1246.51 28
1247.52 29
1248.52 23
1249.52 25
1250.53 22
1251.53 22
1252.54 17
1253.54 22
1254.54 20
1255.55 19
1256.55 20
1257.56 19
1258.56 24
1259.56 32
1260.57 24
1261.57 20
1262.58 22
1263.58 23
1264.58 22
1265.59 21
1266.59 20
1267.6 24
1268.6 27
1269.6 27
1270.61 22
1271.61 22
1272.62 23
1273.62 23
1274.63 21
1275.63 23
1276.63 21
1277.64 21
1278.64 19
1279.65 20
1280.67 19
1281.67 23
1282.68 29
1283.68 23
1284.69 23
1285.69 23
1286.69 20
1287.7 26
1288.7 19
1289.71 20
1290.71 20
1291.71 17
1292.72 30
1293.72 28
1294.73 24
1295.73 24
1296.73 23
1297.74 23
1298.74 21
1299.75 20
1300.75 21
1301.75 29
1302.76 25
1303.77 24
1304.77 21
1305.78 23
1306.78 20
1307.8 19
1308.81 26
1309.81 24
1310.81 21
1311.82 23
1312.82 19
1313.83 21
1314.83 16
1315.83 32
1316.85 26
1317.86 23
1318.86 24
1319.87 22
1320.87 23
1321.87 21
1322.88 19
1323.88 20
1324.89 30
1325.89 23
1326.89 23
1327.9 20
1328.9 20
1329.91 18
1330.91 32
1331.91 23
1332.92 22
1333.92 22
1334.93 22
1335.93 19
1336.93 28
1337.94 22
1338.94 21
1339.95 21
1340.95 20
1341.95 27
1342.96 24
1343.96 23
1344.97 19
1345.97 20
1346.97 18
1347.98 26
1348.98 23
1349.99 18
1350.99 24
1351.99 21
1353 21
1354 19
1355.01 25
1356.01 21
1357.01 20
1358.02 20
1359.02 26
1360.03 22
1361.03 24
1362.04 20
1363.04 16
1364.04 27
1365.05 25
1366.05 23
1367.05 19
1368.06 22
1369.06 23
1370.07 19
1371.07 18
1372.07 21
1373.08 25
1374.08 25
1375.09 22
1376.09 18
1377.09 25
1378.1 23
1379.1 20
1380.11 19
1381.11 26
1382.12 22
1383.12 20
1384.12 18
1385.13 15
1386.14 28
1387.14 25
1388.14 23
1389.15 22
1390.15 20
1391.16 24
1392.16 22
1393.16 21
1394.17 20
1395.17 22
1396.18 28
1397.18 22
1398.18 22
1399.19 21
1400.19 21
1401.2 18
1402.21 23
1403.21 21
1404.22 21
1405.22 20
1406.23 24
1407.23 26
1408.24 22
1409.24 23
1410.24 21
1411.25 19
1412.26 26
1413.26 25
1414.26 23
1415.27 23
1416.27 20
1417.29 19
1418.29 26
1419.3 26
1420.3 22
1421.3 22
1422.31 20
1423.31 22
1424.32 20
1425.32 25
1426.32 26
1427.33 24
1428.33 21
1429.34 20
1430.34 18
1431.34 27
1432.35 22
1433.35 21
1434.36 21
1435.36 23
1436.36 22
1437.37 18
1438.38 22
1439.38 21
1440.39 21
1441.39 19
1442.39 29
1443.4 23
1444.4 21
1445.4 19
1446.41 22
1447.41 22
1448.42 20
1449.42 20
1450.42 21
1451.43 23
1452.43 22
1453.44 17
1454.44 24
1455.44 21
1456.44 19
1457.45 19
1458.45 17
1459.46 30
1460.46 23
1461.46 23
1462.47 22
1463.48 20
1464.48 21
1465.48 18
1466.49 22
1467.49 29
1468.5 27
1469.5 24
1470.51 24
1471.51 23
1472.51 23
1473.52 19
1474.52 24
1475.53 22
1476.53 20
1477.53 21
1478.54 20
1479.54 21
1480.55 31
1481.55 27
1482.55 25
1483.56 23
1484.56 22
1485.57 23
1486.57 23
1487.57 20
1488.58 24
1489.58 21
1490.59 21
1491.59 19
1492.59 18
1493.6 29
1494.6 26
1495.61 22
1496.61 22
1497.61 21
1498.62 20
1499.62 20
1500.68 16
1501.69 24
1502.69 31
1503.7 25
1504.71 22
1505.71 22
1506.71 23
1507.72 21
1508.72 20
1509.73 27
1510.73 21
1511.74 20
1512.74 21
1513.75 21
1514.75 28
1515.75 21
1516.76 24
1517.76 21
1518.77 21
1519.78 24
1520.78 20
1521.79 19
1522.79 20
1523.79 16
1524.8 31
1525.8 24
1526.81 22
1527.81 22
1528.81 19
1529.82 19
1530.82 19
1531.83 16
1532.83 24
1533.83 32
1534.84 26
1535.84 23
1536.85 22
1537.85 21
1538.85 22
1539.86 21
1540.86 20
1541.87 24
1542.87 20
1543.87 22
1544.88 20
1545.88 20
1546.89 20
1547.89 24
1548.89 24
1549.9 21
1550.9 23
1551.91 20
1552.92 28
1553.92 25
1554.92 22
1555.93 21
1556.93 23
1557.93 21
1558.94 20
1559.94 21
1560.95 30
1561.95 26
1562.95 22
1563.96 20
1564.96 22
1565.97 22
1566.97 19
1567.98 21
1568.98 20
1569.98 23
1570.99 27
1571.99 29
1572.99 24
1574 23
1575 23
1576.01 22
1577.01 21
1578.02 20
1579.02 21
1580.05 18
1581.06 24
1582.06 29
1583.06 28
1584.07 25
1585.07 23
1586.08 23
1587.08 22
1588.08 22
1589.09 21
1590.09 24
1591.1 20
1592.1 21
1593.1 19
1594.12 30
1595.12 28
1596.12 25
1597.13 24
1598.13 21
1599.14 22
1600.14 20
1601.14 21
1602.15 20
1603.15 14
1604.17 29
1605.17 27
1606.18 28
1607.18 24
1608.18 23
1609.19 23
1610.19 24
1611.2 23
1612.2 20
1613.2 24
1614.21 21
1615.21 19
1616.22 20
1617.22 18
1618.22 17
1619.23 28
1620.23 33
1621.24 24
1622.24 24
1623.24 25
1624.25 22
1625.25 23
1626.26 21
1627.26 19
1628.27 19
1629.27 30
1630.28 25
1631.28 24
1632.28 23
1633.29 20
1634.29 23
1635.3 21
1636.3 20
1637.31 21
1638.31 28
1639.31 29
1640.32 22
1641.32 23
1642.32 22
1643.32 21
1644.33 19
1645.33 22
1646.34 20
1647.34 21
1648.34 19
1649.35 18
1650.35 20
1651.36 28
1652.36 27
1653.36 23
1654.38 23
1655.38 24
1656.38 23
1657.39 21
1658.39 23
1659.4 19
1660.4 18
1661.4 25
1662.41 27
1663.41 27
1664.42 24
1665.42 23
1666.43 23
1667.43 22
1668.43 20
1669.44 21
1670.44 20
1671.45 20
1672.45 19
1673.45 20
1674.46 27
1675.46 29
1676.47 26
1677.47 22
1678.47 24
1679.48 22
1680.48 21
1681.49 20
1682.49 20
1683.49 19
1684.5 19
1685.5 27
1686.51 29
1687.51 26
1688.51 21
1689.52 25
1690.52 21
1691.53 22
1692.53 21
1693.54 20
1694.55 23
1695.55 26
1696.55 22
1697.56 22
1698.56 22
1699.57 21
1700.57 19
1701.57 23
1702.58 19
1703.58 24
1704.59 22
1705.59 21
1706.59 18
1707.6 25
1708.6 23
1709.61 21
1710.61 21
1711.61 19
1712.62 23
1713.62 23
1714.63 21
1715.63 20
1716.63 24
1717.64 22
1718.64 20
1719.65 22
1720.65 18
1721.65 19
1722.66 22
1723.66 19
1724.67 20
1725.67 19
