733.289 12
734.293 12
735.297 13
736.301 12
737.305 11
738.309 13
739.313 12
740.317 12
741.321 13
742.325 10
743.329 13
744.333 14
745.337 14
746.341 10
747.345 13
748.349 13
749.353 12
750.357 12
751.361 13
752.366 13
753.37 12
754.374 14
755.378 9
756.382 12
757.386 13
758.39 15
759.395 11
760.398 14
761.402 11
762.406 13
763.41 14
764.419 13
765.422 11
766.426 13
767.43 12
768.434 14
769.439 14
770.442 12
771.446 12
772.45 14
773.462 13
774.466 14
775.47 13
776.474 15
777.478 13
778.482 14
779.486 12
780.49 13
781.494 13
782.499 13
783.503 15
784.507 14
785.511 11
786.515 13
787.519 14
788.523 11
789.527 16
790.531 13
791.535 15
792.539 17
793.543 11
794.547 15
795.551 16
796.555 13
797.559 16
798.563 16
799.572 12
800.575 14
801.579 13
802.583 17
803.587 13
804.591 15
805.595 16
806.599 12
807.603 17
808.607 13
809.611 16
810.618 17
811.62 15
812.623 17
813.628 15
814.632 15
815.636 12
816.64 18
817.644 18
818.648 14
819.652 15
820.656 14
821.66 16
822.664 15
823.668 14
824.672 18
825.676 17
826.681 15
827.684 16
828.688 13
829.692 17
830.696 16
831.7 12
832.704 17
833.708 14
834.712 18
835.716 16
836.72 18
837.725 18
838.728 17
839.732 18
840.736 18
841.74 21
842.744 19
843.748 23
844.752 30
845.752 14
846.757 32
847.761 20
848.765 18
849.769 17
850.773 28
851.777 47
852.781 30
853.785 2
854.789 10
855.793 18
856.797 15
857.801 18
858.805 19
859.809 40
860.813 9
861.817 19
862.826 24
863.829 43
864.833 34
865.837 4
866.841 14
867.845 21
868.849 21
869.853 25
870.857 22
871.861 23
872.865 48
873.869 11
874.873 12
875.877 15
876.881 21
877.885 27
878.889 16
879.894 45
880.898 20
881.902 9
882.906 17
883.917 27
884.922 16
885.926 32
886.93 54
887.934 31
888.938 1
889.942 7
890.946 16
891.95 17
892.963 17
893.966 22
894.97 50
895.974 4
896.978 15
897.982 15
898.986 21
899.99 50
900.994 29
901.998 4
903.002 14
904.006 17
905.01 15
906.014 40
907.018 10
908.022 31
909.027 57
910.03 18
911.034 3
912.038 12
913.042 17
914.047 15
915.052 17
916.055 20
917.059 30
918.064 65
919.067 63
920.071 3
921.075 1
922.079 5
923.083 12
924.087 15
925.091 16
926.095 18
927.099 19
928.103 16
929.107 25
930.111 54
931.115 25
932.119 2
933.123 11
934.127 17
935.131 16
936.135 19
937.139 51
938.143 8
939.147 12
940.151 17
941.16 36
942.163 11
943.167 40
944.171 64
945.175 7
946.179 3
947.184 16
948.188 16
949.192 17
950.195 16
951.2 30
952.204 17
953.208 29
954.212 56
955.216 16
956.22 4
957.224 16
958.228 14
959.232 18
960.236 17
961.24 22
962.244 60
963.248 4
964.252 16
965.256 17
966.261 24
967.264 57
968.269 55
969.272 18
970.276 0
971.28 6
972.292 13
973.296 15
974.3 15
975.304 17
976.308 15
977.312 42
978.324 15
979.328 16
980.332 28
981.336 31
982.34 14
983.344 16
984.349 21
985.353 61
986.352 59
987.356 5
988.361 3
989.365 9
990.369 15
991.373 17
992.377 16
993.381 18
994.385 20
995.389 39
996.393 59
997.407 9
998.409 4
999.413 16
1000.42 16
1001.42 16
1002.42 23
1003.43 41
1004.43 8
1005.44 16
1006.44 20
1007.45 47
1008.45 11
1009.45 18
1010.46 27
1011.46 18
1012.47 24
1013.47 28
1014.48 19
1015.49 25
1016.49 21
1017.5 38
1018.5 15
1019.51 28
1020.51 22
1021.51 22
1022.52 25
1023.52 29
1024.53 24
1025.53 26
1026.53 28
1027.54 21
1028.54 23
1029.55 25
1030.55 30
1031.55 19
1032.56 43
1033.56 35
1034.57 8
1035.57 18
1036.57 27
1037.58 15
1038.58 47
1039.59 9
1040.59 31
1041.61 59
1042.61 3
1043.61 12
1044.61 22
1045.62 15
1046.62 39
1047.63 34
1048.63 14
1049.63 17
1050.64 34
1051.64 15
1052.65 36
1053.65 11
1054.65 44
1055.66 47
1056.66 5
1057.67 15
1058.67 16
1059.67 21
1060.68 60
1061.68 41
1062.69 4
1063.69 15
1064.69 16
1065.7 19
1066.71 58
1067.71 4
1068.72 13
1069.72 21
1070.73 40
1071.73 23
1072.73 17
1073.74 33
1074.76 36
1075.76 19
1076.76 28
1077.77 48
1078.77 11
1079.77 35
1080.78 21
1081.78 19
1082.79 51
1083.79 10
1084.79 29
1085.8 33
1086.8 20
1087.81 31
1088.81 21
1089.81 52
1090.82 20
1091.82 22
1092.83 34
1093.83 18
1094.84 51
1095.84 14
1096.84 20
1097.85 34
1098.85 20
1099.85 43
1100.86 16
1101.86 28
1102.87 26
1103.87 31
1104.88 42
1105.88 19
1106.89 34
1107.89 48
1108.89 12
1109.9 36
1110.91 14
1111.91 48
1112.91 31
1113.92 15
1114.92 17
1115.93 48
1116.93 22
1117.93 20
1118.94 43
1119.94 13
1120.95 38
1121.95 18
1122.95 20
1123.96 42
1124.96 16
1125.97 42
1126.97 20
1127.97 21
1128.98 50
1129.98 15
1130.99 32
1131.99 20
1133 44
1134 34
1135 15
1136.01 41
1137.01 20
1138.02 34
1139.02 54
1140.02 8
1141.04 32
1142.04 16
1143.05 46
1144.08 48
1145.08 8
1146.08 18
1147.09 42
1148.09 15
1149.1 27
1150.1 60
1151.1 6
1152.11 17
1153.11 26
1154.12 41
1155.12 34
1156.12 14
1157.13 20
1158.13 52
1159.14 13
1160.14 22
1161.14 29
1162.15 56
1163.15 12
1164.16 19
1165.16 39
1166.16 34
1167.17 17
1168.18 49
1169.18 10
1170.18 30
1171.19 25
1172.19 23
1173.2 62
1174.2 13
1175.2 17
1176.21 24
1177.21 42
1178.22 16
1179.22 45
1180.22 14
1181.23 17
1182.23 27
1183.24 22
1184.24 56
1185.24 51
1186.25 6
1187.25 17
1188.26 16
1189.26 22
1190.26 72
1191.27 59
1192.27 4
1193.28 7
1194.28 17
1195.28 15
1196.29 18
1197.29 17
1198.3 34
1199.3 20
1200.3 55
1201.31 70
1202.31 31
1203.32 2
1204.32 9
1205.32 14
1206.33 21
1207.33 18
1208.34 16
1209.34 48
1210.34 72
1211.38 64
1212.38 0
1213.38 2
1214.39 9
1215.39 17
1216.4 18
1217.4 18
1218.4 15
1219.41 24
1220.41 62
1221.42 75
1222.42 29
1223.42 1
1224.43 4
1225.43 12
1226.44 19
1227.44 15
1228.44 19
1229.45 16
1230.45 48
1231.46 67
1232.46 31
1233.46 2
1234.47 8
1235.47 17
1236.48 16
1237.48 18
1238.48 26
1239.48 55
1240.49 9
1241.49 17
1242.5 17
1243.5 41
1244.5 69
1245.51 50
1246.51 1
1247.52 5
1248.52 14
1249.52 18
1250.53 18
1251.53 16
1252.54 36
1253.54 15
1254.54 38
1255.55 26
1256.55 68
1257.56 67
1258.56 0
1259.56 4
1260.57 14
1261.57 15
1262.58 16
1263.58 17
1264.58 18
1265.59 68
1266.59 74
1267.6 2
1268.6 2
1269.6 10
1270.61 15
1271.61 15
1272.62 16
1273.62 20
1274.63 59
1275.63 7
1276.63 18
1277.64 16
1278.64 26
1279.65 71
1280.67 61
1281.67 1
1282.68 5
1283.68 15
1284.69 15
1285.69 19
1286.69 44
1287.7 12
1288.7 20
1289.71 42
1290.71 72
1291.71 38
1292.72 1
1293.72 6
1294.73 18
1295.73 15
1296.73 20
1297.74 18
1298.74 47
1299.75 74
1300.75 17
1301.75 3
1302.76 9
1303.77 22
1304.77 13
1305.78 18
1306.78 25
1307.8 70
1308.81 4
1309.81 15
1310.81 17
1311.82 15
1312.82 31
1313.83 68
1314.83 40
1315.83 2
1316.85 12
1317.86 17
1318.86 16
1319.87 23
1320.87 30
1321.87 21
1322.88 57
1323.88 44
1324.89 4
1325.89 17
1326.89 15
1327.9 27
1328.9 70
1329.91 34
1330.91 3
1331.91 15
1332.92 16
1333.92 15
1334.93 30
1335.93 51
1336.93 7
1337.94 15
1338.94 17
1339.95 46
1340.95 48
1341.95 6
1342.96 16
1343.96 18
1344.97 31
1345.97 35
1346.97 46
1347.98 7
1348.98 17
1349.99 35
1350.99 20
1351.99 29
1353 19
1354 55
1355.01 12
1356.01 19
1357.01 27
1358.02 67
1359.02 5
1360.03 18
1361.03 16
1362.04 48
1363.04 55
1364.04 3
1365.05 16
1366.05 16
1367.05 28
1368.06 31
1369.06 22
1370.07 22
1371.07 57
1372.07 24
1373.08 10
1374.08 19
1375.09 22
1376.09 57
1377.09 7
1378.1 18
1379.1 43
1380.11 32
1381.11 13
1382.12 16
1383.12 26
1384.12 60
1385.13 45
1386.14 3
1387.14 14
1388.14 16
1389.15 18
1390.15 47
1391.16 17
1392.16 16
1393.16 27
1394.17 68
1395.17 22
1396.18 8
1397.18 17
1398.18 17
1399.19 18
1400.19 24
1401.2 57
1402.21 10
1403.21 24
1404.22 30
1405.22 71
1406.23 14
1407.23 8
1408.24 18
1409.24 16
1410.24 40
1411.25 65
1412.26 3
1413.26 10
1414.26 20
1415.27 17
1416.27 50
1417.29 62
1418.29 2
1419.3 10
1420.3 17
1421.3 18
1422.31 30
1423.31 34
1424.32 71
1425.32 9
1426.32 5
1427.33 16
1428.33 16
1429.34 32
1430.34 51
1431.34 4
1432.35 16
1433.35 18
1434.36 44
1435.36 17
1436.36 21
1437.37 57
1438.38 6
1439.38 16
1440.39 31
1441.39 49
1442.39 8
1443.4 18
1444.4 28
1445.4 39
1446.41 21
1447.41 28
1448.42 21
1449.42 54
1450.42 25
1451.43 13
1452.43 17
1453.44 44
1454.44 13
1455.44 19
1456.44 32
1457.45 62
1458.45 30
1459.46 5
1460.46 16
1461.46 15
1462.47 19
1463.48 33
1464.48 71
1465.48 62
1466.49 4
1467.49 2
1468.5 11
1469.5 16
1470.51 16
1471.51 19
1472.51 16
1473.52 51
1474.52 12
1475.53 20
1476.53 24
1477.53 72
1478.54 73
1479.54 6
1480.55 1
1481.55 6
1482.55 15
1483.56 16
1484.56 17
1485.57 17
1486.57 18
1487.57 50
1488.58 22
1489.58 15
1490.59 18
1491.59 55
1492.59 50
1493.6 3
1494.6 11
1495.61 16
1496.61 17
1497.61 25
1498.62 46
1499.62 65
1500.68 55
1501.69 0
1502.69 3
1503.7 16
1504.71 15
1505.71 18
1506.71 18
1507.72 20
1508.72 52
1509.73 16
1510.73 17
1511.74 31
1512.74 69
1513.75 13
1514.75 6
1515.75 17
1516.76 15
1517.76 17
1518.77 56
1519.78 11
1520.78 17
1521.79 23
1522.79 67
1523.79 36
1524.8 3
1525.8 15
1526.81 14
1527.81 19
1528.81 21
1529.82 48
1530.82 69
1531.83 53
1532.83 0
1533.83 3
1534.84 11
1535.84 16
1536.85 14
1537.85 17
1538.85 16
1539.86 27
1540.86 42
1541.87 31
1542.87 13
1543.87 17
1544.88 37
1545.88 40
1546.89 40
1547.89 9
1548.89 14
1549.9 21
1550.9 46
1551.91 70
1552.92 2
1553.92 7
1554.92 17
1555.93 17
1556.93 20
1557.93 56
1558.94 70
1559.94 25
1560.95 1
1561.95 7
1562.95 14
1563.96 17
1564.96 17
1565.97 20
1566.97 25
1567.98 75
1568.98 73
1569.98 4
1570.99 1
1571.99 6
1572.99 15
1574 19
1575 15
1576.01 17
1577.01 20
1578.02 53
1579.02 74
1580.05 62
1581.06 0
1582.06 1
1583.06 4
1584.07 12
1585.07 17
1586.08 13
1587.08 16
1588.08 17
1589.09 41
1590.09 13
1591.1 29
1592.1 68
1593.1 56
1594.12 1
1595.12 4
1596.12 14
1597.13 14
1598.13 16
1599.14 19
1600.14 23
1601.14 70
1602.15 71
1603.15 44
1604.17 0
1605.17 1
1606.18 7
1607.18 18
1608.18 15
1609.19 17
1610.19 18
1611.2 17
1612.2 49
1613.2 17
1614.21 19
1615.21 31
1616.22 69
1617.22 70
1618.22 25
1619.23 1
1620.23 3
1621.24 10
1622.24 19
1623.24 12
1624.25 20
1625.25 14
1626.26 22
1627.26 62
1628.27 64
1629.27 3
1630.28 3
1631.28 13
1632.28 16
1633.29 21
1634.29 15
1635.3 49
1636.3 71
1637.31 37
1638.31 1
1639.31 6
1640.32 17
1641.32 17
1642.32 15
1643.32 20
1644.33 40
1645.33 16
1646.34 21
1647.34 46
1648.34 72
1649.35 67
1650.35 5
1651.36 1
1652.36 5
1653.36 13
1654.38 18
1655.38 13
1656.38 22
1657.39 14
1658.39 33
1659.4 71
1660.4 69
1661.4 1
1662.41 2
1663.41 10
1664.42 15
1665.42 16
1666.43 17
1667.43 18
1668.43 35
1669.44 17
1670.44 50
1671.45 69
1672.45 68
1673.45 6
1674.46 1
1675.46 4
1676.47 14
1677.47 20
1678.47 14
1679.48 21
1680.48 19
1681.49 22
1682.49 75
1683.49 74
1684.5 22
1685.5 1
1686.51 3
1687.51 11
1688.51 18
1689.52 14
1690.52 19
1691.53 17
1692.53 36
1693.54 75
1694.55 5
1695.55 8
1696.55 16
1697.56 19
1698.56 17
1699.57 35
1700.57 35
1701.57 21
1702.58 42
1703.58 12
1704.59 16
1705.59 39
1706.59 55
1707.6 6
1708.6 15
1709.61 27
1710.61 26
1711.61 56
1712.62 7
1713.62 16
1714.63 35
1715.63 41
1716.63 13
1717.64 17
1718.64 36
1719.65 24
1720.65 18
1721.65 55
1722.66 14
1723.66 19
1724.67 24
1725.67 72
