733.289 36
734.293 35
735.297 39
736.301 35
737.305 33
738.309 38
739.313 36
740.317 36
741.321 39
742.325 34
743.329 37
744.333 38
745.337 40
746.341 36
747.345 38
748.349 37
749.353 37
750.357 39
751.361 36
752.366 37
753.37 36
754.374 37
755.378 33
756.382 37
757.386 39
758.39 39
759.395 36
760.398 37
761.402 38
762.406 38
763.41 38
764.419 38
765.422 33
766.426 37
767.43 38
768.434 39
769.439 40
770.442 35
771.446 38
772.45 39
773.462 38
774.466 38
775.47 38
776.474 39
777.478 38
778.482 38
779.486 36
780.49 39
781.494 36
782.499 38
783.503 40
784.507 38
785.511 34
786.515 37
787.519 38
788.523 33
789.527 39
790.531 38
791.535 40
792.539 42
793.543 35
794.547 39
795.551 39
796.555 38
797.559 41
798.563 41
799.572 35
800.575 37
801.579 37
802.583 41
803.587 37
804.591 39
805.595 41
806.599 35
807.603 40
808.607 38
809.611 40
810.618 41
811.62 38
812.623 40
813.628 38
814.632 37
815.636 37
816.64 43
817.644 42
818.648 36
819.652 39
820.656 37
821.66 38
822.664 38
823.668 40
824.672 40
825.676 41
826.681 38
827.684 39
828.688 36
829.692 40
830.696 38
831.7 36
832.704 39
833.708 37
834.712 40
835.716 39
836.72 42
837.725 41
838.728 42
839.732 41
840.736 41
841.74 43
842.744 41
843.748 44
844.752 49
845.752 39
846.757 54
847.761 46
848.765 41
849.769 38
850.773 49
851.777 70
852.781 53
853.785 33
854.789 41
855.793 41
856.797 39
857.801 41
858.805 40
859.809 60
860.813 36
861.817 42
862.826 45
863.829 64
864.833 55
865.837 36
866.841 36
867.845 45
868.849 44
869.853 47
870.857 46
871.861 45
872.865 68
873.869 37
874.873 39
875.877 38
876.881 45
877.885 49
878.889 39
879.894 68
880.898 47
881.902 35
882.906 38
883.917 50
884.922 38
885.926 52
886.93 75
887.934 54
888.938 35
889.942 36
890.946 40
891.95 41
892.963 42
893.966 43
894.97 71
895.974 31
896.978 39
897.982 39
898.986 42
899.99 72
900.994 54
901.998 34
903.002 40
904.006 41
905.01 39
906.014 62
907.018 33
908.022 54
909.027 80
910.03 43
911.034 33
912.038 39
913.042 41
914.047 39
915.052 38
916.055 43
917.059 52
918.064 91
919.067 89
920.071 29
921.075 33
922.079 35
923.083 39
924.087 40
925.091 40
926.095 41
927.099 43
928.103 40
929.107 44
930.111 76
931.115 48
932.119 34
933.123 40
934.127 40
935.131 39
936.135 41
937.139 73
938.143 38
939.147 37
940.151 42
941.16 58
942.163 35
943.167 63
944.171 90
945.175 34
946.179 37
947.184 42
948.188 40
949.192 41
950.195 40
951.2 54
952.204 41
953.208 50
954.212 80
955.216 47
956.22 33
957.224 40
958.228 36
959.232 41
960.236 39
961.24 45
962.244 86
963.248 32
964.252 40
965.256 41
966.261 46
967.264 81
968.269 77
969.272 43
970.276 31
971.28 37
972.292 37
973.296 39
974.3 38
975.304 40
976.308 40
977.312 66
978.324 42
979.328 37
980.332 51
981.336 54
982.34 40
983.344 39
984.349 41
985.353 86
986.352 84
987.356 31
988.361 37
989.365 37
990.369 40
991.373 39
992.377 40
993.381 42
994.385 40
995.389 60
996.393 81
997.407 37
998.409 36
999.413 42
1000.42 39
1001.42 40
1002.42 45
1003.43 65
1004.43 35
1005.44 40
1006.44 43
1007.45 68
1008.45 35
1009.45 40
1010.46 50
1011.46 42
1012.47 43
1013.47 50
1014.48 42
1015.49 45
1016.49 44
1017.5 58
1018.5 37
1019.51 50
1020.51 44
1021.51 44
1022.52 45
1023.52 49
1024.53 45
1025.53 46
1026.53 49
1027.54 42
1028.54 44
1029.55 46
1030.55 49
1031.55 41
1032.56 65
1033.56 53
1034.57 36
1035.57 41
1036.57 48
1037.58 37
1038.58 69
1039.59 32
1040.59 51
1041.61 81
1042.61 28
1043.61 39
1044.61 44
1045.62 39
1046.62 61
1047.63 58
1048.63 40
1049.63 39
1050.64 55
1051.64 40
1052.65 55
1053.65 36
1054.65 65
1055.66 67
1056.66 35
1057.67 39
1058.67 41
1059.67 42
1060.68 80
1061.68 60
1062.69 35
1063.69 41
1064.69 41
1065.7 42
1066.71 78
1067.71 30
1068.72 38
1069.72 43
1070.73 62
1071.73 45
1072.73 38
1073.74 53
1074.76 56
1075.76 39
1076.76 49
1077.77 65
1078.77 35
1079.77 55
1080.78 41
1081.78 39
1082.79 69
1083.79 33
1084.79 50
1085.8 56
1086.8 42
1087.81 51
1088.81 41
1089.81 71
1090.82 41
1091.82 44
1092.83 55
1093.83 41
1094.84 70
1095.84 37
1096.84 41
1097.85 55
1098.85 42
1099.85 61
1100.86 38
1101.86 49
1102.87 48
1103.87 50
1104.88 62
1105.88 40
1106.89 54
1107.89 64
1108.89 37
1109.9 56
1110.91 37
1111.91 69
1112.91 49
1113.92 40
1114.92 39
1115.93 68
1116.93 43
1117.93 41
1118.94 60
1119.94 38
1120.95 59
1121.95 40
1122.95 42
1123.96 61
1124.96 39
1125.97 62
1126.97 41
1127.97 43
1128.98 67
1129.98 41
1130.99 52
1131.99 41
1133 64
1134 52
1135 36
1136.01 59
1137.01 45
1138.02 53
1139.02 71
1140.02 35
1141.04 52
1142.04 38
1143.05 66
1144.08 64
1145.08 35
1146.08 42
1147.09 62
1148.09 37
1149.1 46
1150.1 77
1151.1 32
1152.11 42
1153.11 48
1154.12 61
1155.12 55
1156.12 37
1157.13 41
1158.13 70
1159.14 37
1160.14 45
1161.14 52
1162.15 73
1163.15 38
1164.16 41
1165.16 60
1166.16 54
1167.17 39
1168.18 67
1169.18 35
1170.18 51
1171.19 46
1172.19 43
1173.2 81
1174.2 37
1175.2 40
1176.21 46
1177.21 63
1178.22 41
1179.22 66
1180.22 38
1181.23 37
1182.23 48
1183.24 41
1184.24 76
1185.24 68
1186.25 36
1187.25 40
1188.26 39
1189.26 44
1190.26 92
1191.27 77
1192.27 29
1193.28 37
1194.28 42
1195.28 39
1196.29 41
1197.29 39
1198.3 54
1199.3 40
1200.3 76
1201.31 89
1202.31 50
1203.32 32
1204.32 34
1205.32 37
1206.33 43
1207.33 40
1208.34 39
1209.34 70
1210.34 93
1211.38 82
1212.38 25
1213.38 30
1214.39 40
1215.39 40
1216.4 40
1217.4 43
1218.4 38
1219.41 45
1220.41 82
1221.42 95
1222.42 48
1223.42 29
1224.43 34
1225.43 39
1226.44 43
1227.44 39
1228.44 41
1229.45 40
1230.45 70
1231.46 86
1232.46 53
1233.46 32
1234.47 34
1235.47 39
1236.48 39
1237.48 42
1238.48 49
1239.48 77
1240.49 35
1241.49 39
1242.5 37
1243.5 62
1244.5 89
1245.51 66
1246.51 30
1247.52 35
1248.52 38
1249.52 43
1250.53 40
1251.53 38
1252.54 53
1253.54 38
1254.54 59
1255.55 46
1256.55 88
1257.56 86
1258.56 24
1259.56 36
1260.57 39
1261.57 36
1262.58 39
1263.58 41
1264.58 40
1265.59 89
1266.59 95
1267.6 26
1268.6 30
1269.6 38
1270.61 38
1271.61 38
1272.62 40
1273.62 44
1274.63 80
1275.63 31
1276.63 39
1277.64 38
1278.64 46
1279.65 91
1280.67 81
1281.67 25
1282.68 35
1283.68 39
1284.69 38
1285.69 42
1286.69 65
1287.7 38
1288.7 39
1289.71 62
1290.71 92
1291.71 56
1292.72 31
1293.72 34
1294.73 42
1295.73 39
1296.73 43
1297.74 42
1298.74 69
1299.75 95
1300.75 39
1301.75 33
1302.76 34
1303.77 46
1304.77 35
1305.78 42
1306.78 46
1307.8 90
1308.81 31
1309.81 40
1310.81 39
1311.82 38
1312.82 50
1313.83 90
1314.83 57
1315.83 35
1316.85 38
1317.86 40
1318.86 40
1319.87 45
1320.87 53
1321.87 42
1322.88 76
1323.88 64
1324.89 35
1325.89 41
1326.89 38
1327.9 48
1328.9 91
1329.91 53
1330.91 35
1331.91 39
1332.92 39
1333.92 38
1334.93 53
1335.93 71
1336.93 35
1337.94 37
1338.94 38
1339.95 67
1340.95 68
1341.95 33
1342.96 40
1343.96 41
1344.97 51
1345.97 55
1346.97 64
1347.98 33
1348.98 41
1349.99 54
1350.99 45
1351.99 51
1353 41
1354 74
1355.01 37
1356.01 41
1357.01 47
1358.02 87
1359.02 31
1360.03 40
1361.03 40
1362.04 68
1363.04 71
1364.04 31
1365.05 42
1366.05 39
1367.05 48
1368.06 53
1369.06 46
1370.07 41
1371.07 75
1372.07 46
1373.08 36
1374.08 45
1375.09 44
1376.09 75
1377.09 32
1378.1 42
1379.1 63
1380.11 52
1381.11 40
1382.12 39
1383.12 47
1384.12 78
1385.13 61
1386.14 31
1387.14 39
1388.14 39
1389.15 41
1390.15 68
1391.16 42
1392.16 38
1393.16 48
1394.17 88
1395.17 45
1396.18 36
1397.18 40
1398.18 39
1399.19 40
1400.19 46
1401.2 76
1402.21 33
1403.21 46
1404.22 51
1405.22 91
1406.23 39
1407.23 34
1408.24 41
1409.24 40
1410.24 62
1411.25 84
1412.26 29
1413.26 36
1414.26 43
1415.27 41
1416.27 71
1417.29 82
1418.29 28
1419.3 36
1420.3 39
1421.3 41
1422.31 50
1423.31 56
1424.32 91
1425.32 35
1426.32 31
1427.33 40
1428.33 38
1429.34 53
1430.34 69
1431.34 32
1432.35 39
1433.35 40
1434.36 65
1435.36 41
1436.36 44
1437.37 75
1438.38 29
1439.38 38
1440.39 52
1441.39 68
1442.39 38
1443.4 42
1444.4 50
1445.4 58
1446.41 43
1447.41 50
1448.42 42
1449.42 75
1450.42 47
1451.43 37
1452.43 40
1453.44 62
1454.44 38
1455.44 40
1456.44 52
1457.45 82
1458.45 47
1459.46 35
1460.46 40
1461.46 38
1462.47 42
1463.48 53
1464.48 93
1465.48 81
1466.49 26
1467.49 31
1468.5 38
1469.5 40
1470.51 40
1471.51 43
1472.51 39
1473.52 70
1474.52 36
1475.53 43
1476.53 44
1477.53 93
1478.54 93
1479.54 28
1480.55 33
1481.55 34
1482.55 40
1483.56 39
1484.56 39
1485.57 40
1486.57 41
1487.57 71
1488.58 46
1489.58 37
1490.59 40
1491.59 74
1492.59 69
1493.6 32
1494.6 37
1495.61 39
1496.61 40
1497.61 46
1498.62 67
1499.62 86
1500.68 71
1501.69 25
1502.69 35
1503.7 41
1504.71 37
1505.71 40
1506.71 42
1507.72 42
1508.72 72
1509.73 43
1510.73 38
1511.74 51
1512.74 91
1513.75 35
1514.75 35
1515.75 39
1516.76 39
1517.76 38
1518.77 78
1519.78 35
1520.78 38
1521.79 43
1522.79 88
1523.79 53
1524.8 34
1525.8 39
1526.81 36
1527.81 41
1528.81 41
1529.82 68
1530.82 88
1531.83 70
1532.83 25
1533.83 35
1534.84 38
1535.84 39
1536.85 37
1537.85 39
1538.85 39
1539.86 49
1540.86 62
1541.87 56
1542.87 34
1543.87 39
1544.88 57
1545.88 61
1546.89 61
1547.89 33
1548.89 38
1549.9 42
1550.9 69
1551.91 90
1552.92 31
1553.92 32
1554.92 39
1555.93 39
1556.93 43
1557.93 78
1558.94 91
1559.94 46
1560.95 32
1561.95 33
1562.95 37
1563.96 38
1564.96 40
1565.97 42
1566.97 45
1567.98 97
1568.98 93
1569.98 28
1570.99 28
1571.99 35
1572.99 39
1574 43
1575 39
1576.01 40
1577.01 41
1578.02 73
1579.02 96
1580.05 81
1581.06 24
1582.06 30
1583.06 33
1584.07 37
1585.07 40
1586.08 37
1587.08 38
1588.08 39
1589.09 62
1590.09 38
1591.1 50
1592.1 90
1593.1 75
1594.12 32
1595.12 32
1596.12 39
1597.13 38
1598.13 38
1599.14 41
1600.14 43
1601.14 91
1602.15 91
1603.15 59
1604.17 30
1605.17 29
1606.18 36
1607.18 43
1608.18 38
1609.19 40
1610.19 43
1611.2 40
1612.2 70
1613.2 42
1614.21 40
1615.21 51
1616.22 90
1617.22 89
1618.22 42
1619.23 29
1620.23 36
1621.24 35
1622.24 43
1623.24 38
1624.25 42
1625.25 38
1626.26 43
1627.26 82
1628.27 83
1629.27 33
1630.28 28
1631.28 37
1632.28 39
1633.29 42
1634.29 39
1635.3 71
1636.3 91
1637.31 58
1638.31 30
1639.31 35
1640.32 40
1641.32 40
1642.32 38
1643.32 42
1644.33 59
1645.33 39
1646.34 42
1647.34 67
1648.34 92
1649.35 86
1650.35 26
1651.36 29
1652.36 32
1653.36 36
1654.38 41
1655.38 37
1656.38 46
1657.39 36
1658.39 57
1659.4 91
1660.4 87
1661.4 26
1662.41 29
1663.41 37
1664.42 39
1665.42 39
1666.43 41
1667.43 41
1668.43 55
1669.44 39
1670.44 70
1671.45 89
1672.45 88
1673.45 27
1674.46 28
1675.46 34
1676.47 40
1677.47 42
1678.47 38
1679.48 44
1680.48 41
1681.49 42
1682.49 96
1683.49 94
1684.5 42
1685.5 28
1686.51 33
1687.51 38
1688.51 40
1689.52 39
1690.52 40
1691.53 39
1692.53 58
1693.54 96
1694.55 28
1695.55 35
1696.55 38
1697.56 42
1698.56 40
1699.57 56
1700.57 55
1701.57 44
1702.58 61
1703.58 36
1704.59 39
1705.59 60
1706.59 74
1707.6 32
1708.6 39
1709.61 49
1710.61 47
1711.61 75
1712.62 31
1713.62 40
1714.63 56
1715.63 62
1716.63 37
1717.64 39
1718.64 56
1719.65 46
1720.65 37
1721.65 75
1722.66 36
1723.66 39
1724.67 44
1725.67 92
