733.289 0
734.293 0
735.297 0
736.301 0
737.305 0
738.309 0
739.313 0
740.317 0
741.321 0
742.325 0
743.329 0
744.333 0
745.337 0
746.341 0
747.345 0
748.349 0
749.353 0
750.357 0
751.361 0
752.366 0
753.37 0
754.374 1
755.378 0
756.382 0
757.386 0
758.39 0
759.395 0
760.398 0
761.402 0
762.406 0
763.41 1
764.419 1
765.422 0
766.426 0
767.43 0
768.434 0
769.439 1
770.442 0
771.446 0
772.45 0
773.462 0
774.466 0
775.47 0
776.474 0
777.478 0
778.482 0
779.486 0
780.49 0
781.495 0
782.499 0
783.503 1
784.507 1
785.511 0
786.515 0
787.519 0
788.523 0
789.527 0
790.531 0
791.535 1
792.539 1
793.543 0
794.547 0
795.551 0
796.555 0
797.559 1
798.563 1
799.572 1
800.575 0
801.579 0
802.583 0
803.587 0
804.591 0
805.595 1
806.599 0
807.603 0
808.607 0
809.611 0
810.618 0
811.62 0
812.624 1
813.628 1
814.632 0
815.636 0
816.64 0
817.644 1
818.648 1
819.652 1
820.656 1
821.66 1
822.664 0
823.668 0
824.672 0
825.676 1
826.681 1
827.684 1
828.688 1
829.692 1
830.696 1
831.7 0
832.704 0
833.708 0
834.712 0
835.716 0
836.72 0
837.725 0
838.728 0
839.732 0
840.736 0
841.74 0
842.744 0
843.748 0
844.752 0
845.752 0
846.757 3
847.761 0
848.765 1
849.769 1
850.773 2
851.777 7
852.781 0
853.785 0
854.789 0
855.793 0
856.797 0
857.801 0
858.805 1
859.809 0
860.813 0
861.817 0
862.826 0
863.829 5
864.833 0
865.837 0
866.841 0
867.845 0
868.849 0
869.853 2
870.857 1
871.861 1
872.865 6
873.869 0
874.873 0
875.877 0
876.881 1
877.885 0
878.889 0
879.894 5
880.898 0
881.902 0
882.906 0
883.917 2
884.922 1
885.926 3
886.93 8
887.934 0
888.938 0
889.942 0
890.946 0
891.95 1
892.963 0
893.966 2
894.97 7
895.974 0
896.978 1
897.982 0
898.986 1
899.99 6
900.994 1
901.998 0
903.002 0
904.006 0
905.01 0
906.014 4
907.018 0
908.022 3
909.027 9
910.03 1
911.034 0
912.038 0
913.042 0
914.047 0
915.052 1
916.055 0
917.059 2
918.064 8
919.067 15
920.071 0
921.075 0
922.079 0
923.083 0
924.087 0
925.091 0
926.095 1
927.099 1
928.103 0
929.107 2
930.111 8
931.115 0
932.119 0
933.123 0
934.127 1
935.131 0
936.135 0
937.139 6
938.143 0
939.147 0
940.151 0
941.16 0
942.163 0
943.167 4
944.171 11
945.175 0
946.179 0
947.184 1
948.188 1
949.192 1
950.195 0
951.2 3
952.204 1
953.208 3
954.212 8
955.216 1
956.22 0
957.224 1
958.228 1
959.232 1
960.236 1
961.24 1
962.244 6
963.248 0
964.252 0
965.256 0
966.261 1
967.264 7
968.269 13
969.272 1
970.276 0
971.28 0
972.292 0
973.296 0
974.3 0
975.304 0
976.308 0
977.313 4
978.324 0
979.328 0
980.332 2
981.336 0
982.34 1
983.344 0
984.349 1
985.353 7
986.352 13
987.357 0
988.361 0
989.365 0
990.369 0
991.373 0
992.377 0
993.381 0
994.385 0
995.389 4
996.393 10
997.407 0
998.409 0
999.413 1
1000.42 0
1001.42 1
1002.42 2
1003.43 0
1004.43 0
1005.44 0
1006.44 0
1007.45 5
1008.45 0
1009.45 0
1010.46 2
1011.46 1
1012.47 2
1013.47 0
1014.48 1
1015.49 0
1016.49 0
1017.5 5
1018.5 0
1019.51 2
1020.51 1
1021.51 0
1022.52 0
1023.52 0
1024.53 0
1025.53 0
1026.53 2
1027.54 1
1028.54 1
1029.55 0
1030.55 0
1031.55 0
1032.56 4
1033.56 0
1034.57 0
1035.57 1
1036.57 0
1037.58 0
1038.58 5
1039.59 0
1040.59 3
1041.61 9
1042.61 0
1043.61 0
1044.61 0
1045.62 0
1046.62 4
1047.63 0
1048.63 1
1049.63 1
1050.64 0
1051.64 1
1052.65 0
1053.65 0
1054.65 4
1055.66 0
1056.66 0
1057.67 1
1058.67 0
1059.67 1
1060.68 7
1061.68 1
1062.69 0
1063.69 1
1064.69 1
1065.7 1
1066.71 7
1067.71 0
1068.72 0
1069.72 0
1070.73 4
1071.73 1
1072.73 1
1073.74 1
1074.76 3
1075.76 3
1076.76 2
1077.77 0
1078.77 0
1079.77 4
1080.78 1
1081.78 1
1082.79 6
1083.79 0
1084.79 3
1085.8 1
1086.8 1
1087.81 0
1088.81 0
1089.81 6
1090.82 0
1091.82 2
1092.83 0
1093.83 0
1094.84 6
1095.84 2
1096.84 2
1097.85 1
1098.85 0
1099.85 5
1100.86 0
1101.86 2
1102.87 2
1103.87 0
1104.88 5
1105.88 3
1106.89 3
1107.89 0
1108.89 0
1109.9 0
1110.91 0
1111.91 5
1112.91 0
1113.92 1
1114.92 0
1115.93 5
1116.93 0
1117.93 1
1118.94 0
1119.94 0
1120.95 4
1121.95 1
1122.95 1
1123.96 0
1124.96 0
1125.97 4
1126.97 0
1127.97 1
1128.98 0
1129.98 0
1130.99 0
1131.99 0
1133 4
1134 0
1135 0
1136.01 1
1137.01 3
1138.02 3
1139.02 1
1140.02 0
1141.04 0
1142.04 0
1143.05 4
1144.08 0
1145.08 0
1146.08 0
1147.09 4
1148.09 2
1149.1 2
1150.1 9
1151.1 0
1152.11 0
1153.11 0
1154.12 4
1155.12 2
1156.12 1
1157.13 0
1158.13 6
1159.14 0
1160.14 2
1161.14 2
1162.15 1
1163.15 0
1164.16 0
1165.16 4
1166.16 1
1167.17 1
1168.18 4
1169.18 0
1170.18 3
1171.19 1
1172.19 1
1173.2 8
1174.2 0
1175.2 1
1176.21 2
1177.21 1
1178.22 1
1179.22 5
1180.22 2
1181.23 1
1182.23 0
1183.24 0
1184.24 6
1185.24 0
1186.25 0
1187.25 1
1188.26 0
1189.26 1
1190.26 9
1191.27 15
1192.27 0
1193.28 0
1194.28 1
1195.28 0
1196.29 1
1197.29 1
1198.3 0
1199.3 0
1200.3 6
1201.31 13
1202.31 2
1203.32 0
1204.32 0
1205.32 0
1206.33 0
1207.33 0
1208.34 0
1209.34 5
1210.34 12
1211.38 19
1212.38 5
1213.38 0
1214.39 0
1215.39 1
1216.4 1
1217.4 1
1218.4 1
1219.41 1
1220.41 7
1221.42 15
1222.42 5
1223.42 0
1224.43 0
1225.43 0
1226.44 0
1227.44 0
1228.44 0
1229.45 0
1230.45 5
1231.46 12
1232.46 3
1233.46 0
1234.47 0
1235.47 0
1236.48 0
1237.48 0
1238.48 2
1239.48 2
1240.49 0
1241.49 0
1242.5 0
1243.5 4
1244.5 11
1245.51 2
1246.51 0
1247.52 0
1248.52 1
1249.52 1
1250.53 1
1251.53 1
1252.54 1
1253.54 0
1254.54 4
1255.55 3
1256.55 10
1257.56 17
1258.56 0
1259.56 0
1260.57 1
1261.57 1
1262.58 1
1263.58 1
1264.58 1
1265.59 8
1266.59 16
1267.6 3
1268.6 0
1269.6 0
1270.61 0
1271.61 0
1272.62 0
1273.62 0
1274.63 7
1275.63 2
1276.63 1
1277.64 1
1278.64 2
1279.65 9
1280.67 4
1281.67 0
1282.68 0
1283.68 1
1284.69 1
1285.69 1
1286.69 0
1287.7 0
1288.7 0
1289.71 4
1290.71 12
1291.71 3
1292.72 0
1293.72 0
1294.73 1
1295.73 0
1296.73 0
1297.74 0
1298.74 5
1299.75 13
1300.75 4
1301.75 0
1302.76 0
1303.77 0
1304.77 0
1305.78 0
1306.78 2
1307.8 10
1308.81 2
1309.81 1
1310.81 1
1311.82 1
1312.82 3
1313.83 10
1314.83 2
1315.83 0
1316.85 1
1317.86 1
1318.86 1
1319.87 2
1320.87 1
1321.87 1
1322.88 7
1323.88 1
1324.89 0
1325.89 1
1326.89 0
1327.9 2
1328.9 10
1329.91 0
1330.91 0
1331.91 1
1332.92 1
1333.92 0
1334.93 3
1335.93 1
1336.93 0
1337.94 0
1338.94 0
1339.95 4
1340.95 2
1341.95 0
1342.96 0
1343.96 0
1344.97 0
1345.97 4
1346.97 1
1347.98 0
1348.98 0
1349.99 4
1350.99 2
1351.99 1
1353 1
1354 6
1355.01 2
1356.01 2
1357.01 2
1358.02 9
1359.02 0
1360.03 0
1361.03 0
1362.04 5
1363.04 10
1364.04 0
1365.05 0
1366.05 0
1367.05 0
1368.06 3
1369.06 1
1370.07 1
1371.07 7
1372.07 1
1373.08 0
1374.08 0
1375.09 1
1376.09 2
1377.09 0
1378.1 0
1379.1 4
1380.11 0
1381.11 0
1382.12 0
1383.12 2
1384.12 8
1385.13 12
1386.14 0
1387.14 1
1388.14 0
1389.15 0
1390.15 5
1391.16 2
1392.16 1
1393.16 2
1394.17 10
1395.17 1
1396.18 0
1397.18 1
1398.18 1
1399.19 1
1400.19 1
1401.2 1
1402.21 2
1403.21 2
1404.22 3
1405.22 10
1406.23 1
1407.23 0
1408.24 0
1409.24 0
1410.24 4
1411.25 9
1412.26 0
1413.26 0
1414.26 0
1415.27 0
1416.27 5
1417.29 2
1418.29 0
1419.3 0
1420.3 0
1421.3 0
1422.31 0
1423.31 3
1424.32 11
1425.32 2
1426.32 0
1427.33 0
1428.33 0
1429.34 3
1430.34 1
1431.34 0
1432.35 1
1433.35 0
1434.36 4
1435.36 1
1436.36 1
1437.37 7
1438.38 0
1439.38 0
1440.39 3
1441.39 0
1442.39 0
1443.4 0
1444.4 0
1445.4 4
1446.41 2
1447.41 1
1448.42 0
1449.42 6
1450.42 1
1451.43 1
1452.43 0
1453.44 1
1454.44 2
1455.44 1
1456.44 3
1457.45 9
1458.45 0
1459.46 0
1460.46 1
1461.46 0
1462.47 1
1463.48 3
1464.48 10
1465.48 17
1466.49 3
1467.49 0
1468.5 0
1469.5 0
1470.51 0
1471.51 1
1472.51 0
1473.52 1
1474.52 0
1475.53 2
1476.53 2
1477.53 9
1478.54 17
1479.54 4
1480.55 0
1481.55 0
1482.55 0
1483.56 0
1484.56 0
1485.57 0
1486.57 0
1487.57 5
1488.58 2
1489.58 0
1490.59 0
1491.59 6
1492.59 2
1493.6 0
1494.6 0
1495.61 0
1496.61 0
1497.61 0
1498.62 5
1499.62 11
1500.68 3
1501.69 0
1502.69 0
1503.7 1
1504.71 1
1505.71 1
1506.71 1
1507.72 1
1508.72 1
1509.73 3
1510.73 1
1511.74 3
1512.74 10
1513.75 3
1514.75 0
1515.75 1
1516.76 0
1517.76 1
1518.77 6
1519.78 2
1520.78 1
1521.79 2
1522.79 9
1523.79 1
1524.8 0
1525.8 1
1526.81 0
1527.81 0
1528.81 0
1529.82 5
1530.82 12
1531.83 4
1532.83 0
1533.83 0
1534.84 0
1535.84 0
1536.85 0
1537.85 1
1538.85 0
1539.86 0
1540.86 4
1541.87 2
1542.87 0
1543.87 0
1544.88 1
1545.88 5
1546.89 2
1547.89 0
1548.89 0
1549.9 0
1550.9 4
1551.91 12
1552.92 3
1553.92 0
1554.92 0
1555.93 0
1556.93 0
1557.93 6
1558.94 13
1559.94 3
1560.95 0
1561.95 0
1562.95 0
1563.96 0
1564.96 0
1565.97 2
1566.97 2
1567.98 10
1568.98 18
1569.98 5
1570.99 0
1571.99 0
1572.99 0
1574 0
1575 0
1576.01 0
1577.01 0
1578.02 6
1579.02 13
1580.05 20
1581.06 6
1582.06 0
1583.06 0
1584.07 0
1585.07 0
1586.08 0
1587.08 0
1588.08 0
1589.09 4
1590.09 1
1591.1 2
1592.1 10
1593.1 4
1594.12 4
1595.12 0
1596.12 0
1597.13 0
1598.13 0
1599.14 0
1600.14 0
1601.14 8
1602.15 15
1603.15 6
1604.17 1
1605.17 0
1606.18 0
1607.18 1
1608.18 0
1609.19 1
1610.19 0
1611.2 0
1612.2 1
1613.2 2
1614.21 1
1615.21 2
1616.22 10
1617.22 17
1618.22 5
1619.23 0
1620.23 0
1621.24 0
1622.24 1
1623.24 0
1624.25 1
1625.25 1
1626.26 1
1627.26 8
1628.27 4
1629.27 4
1630.28 0
1631.28 0
1632.28 0
1633.29 0
1634.29 0
1635.3 5
1636.3 12
1637.31 5
1638.31 0
1639.31 0
1640.32 1
1641.32 1
1642.32 1
1643.32 1
1644.33 1
1645.33 0
1646.34 0
1647.34 5
1648.34 12
1649.35 19
1650.35 6
1651.36 0
1652.36 0
1653.36 0
1654.38 1
1655.38 0
1656.38 2
1657.39 0
1658.39 3
1659.4 11
1660.4 17
1661.4 5
1662.41 0
1663.41 0
1664.42 0
1665.42 0
1666.43 0
1667.43 0
1668.43 0
1669.44 0
1670.44 5
1671.45 12
1672.45 19
1673.45 6
1674.46 0
1675.46 0
1676.47 0
1677.47 0
1678.47 0
1679.48 2
1680.48 1
1681.49 1
1682.49 9
1683.49 17
1684.5 5
1685.5 0
1686.51 0
1687.51 0
1688.51 0
1689.52 0
1690.52 0
1691.53 0
1692.53 3
1693.54 11
1694.55 4
1695.55 0
1696.55 1
1697.56 1
1698.56 1
1699.57 0
1700.57 4
1701.57 2
1702.58 1
1703.58 0
1704.59 0
1705.59 4
1706.59 3
1707.6 0
1708.6 0
1709.61 2
1710.61 3
1711.61 2
1712.62 0
1713.62 0
1714.63 3
1715.63 2
1716.63 0
1717.64 0
1718.64 3
1719.65 2
1720.65 0
1721.65 6
1722.66 3
1723.66 1
1724.67 1
1725.67 8
