733.289 156
734.293 165
735.297 178
736.301 158
737.305 151
738.309 176
739.313 160
740.317 168
741.321 185
742.325 140
743.329 174
744.333 185
745.337 189
746.341 143
747.345 180
748.349 181
749.353 173
750.357 163
751.361 180
752.366 186
753.37 164
754.374 201
755.378 126
756.382 172
757.386 181
758.39 206
759.395 154
760.398 187
761.402 156
762.406 180
763.41 203
764.419 181
765.422 153
766.426 184
767.43 176
768.434 196
769.439 193
770.442 165
771.446 165
772.45 194
773.462 180
774.466 196
775.47 180
776.474 203
777.478 186
778.482 194
779.486 178
780.49 181
781.495 188
782.499 191
783.503 217
784.507 187
785.511 159
786.515 181
787.519 192
788.523 163
789.527 217
790.531 181
791.535 212
792.539 229
793.543 156
794.547 202
795.551 221
796.555 184
797.559 223
798.563 230
799.572 172
800.575 195
801.579 186
802.583 236
803.587 177
804.591 210
805.595 230
806.599 180
807.603 242
808.607 181
809.611 227
810.618 238
811.62 216
812.624 241
813.628 215
814.632 216
815.636 165
816.64 253
817.644 257
818.648 198
819.652 219
820.656 203
821.66 225
822.664 210
823.668 198
824.672 244
825.676 243
826.681 215
827.684 230
828.688 184
829.692 243
830.696 232
831.7 173
832.704 237
833.708 205
834.712 254
835.716 233
836.72 251
837.725 256
838.728 240
839.732 262
840.736 259
841.74 281
842.744 255
843.748 273
844.752 426
845.752 197
846.757 475
847.761 299
848.765 256
849.769 248
850.773 424
851.777 723
852.781 446
853.785 27
854.789 127
855.793 258
856.797 217
857.801 258
858.805 282
859.809 598
860.813 115
861.817 271
862.826 343
863.829 656
864.833 526
865.837 57
866.841 190
867.845 297
868.849 301
869.853 373
870.857 327
871.861 347
872.865 733
873.869 166
874.873 164
875.877 216
876.881 313
877.885 412
878.889 238
879.894 689
880.898 300
881.902 121
882.906 240
883.917 393
884.922 234
885.926 483
886.93 819
887.934 470
888.938 22
889.942 92
890.946 227
891.95 249
892.963 234
893.966 330
894.97 718
895.974 49
896.978 217
897.982 217
898.986 308
899.99 766
900.994 438
901.998 51
903.002 193
904.006 252
905.01 225
906.014 604
907.018 137
908.022 460
909.027 875
910.03 276
911.034 36
912.038 156
913.042 242
914.047 219
915.052 247
916.055 302
917.059 438
918.064 1008
919.067 743
920.071 242
921.075 13
922.079 67
923.083 167
924.087 215
925.091 231
926.095 258
927.099 279
928.103 245
929.107 368
930.111 819
931.115 373
932.119 32
933.123 155
934.127 247
935.131 227
936.135 281
937.139 784
938.143 110
939.147 166
940.151 246
941.16 505
942.163 176
943.167 607
944.171 976
945.175 112
946.179 41
947.184 222
948.188 225
949.192 237
950.195 240
951.2 442
952.204 238
953.208 450
954.212 857
955.216 235
956.22 53
957.224 220
958.228 197
959.232 264
960.236 241
961.24 335
962.244 842
963.248 55
964.252 228
965.256 253
966.261 356
967.264 868
968.269 820
969.272 277
970.276 9
971.28 68
972.292 182
973.296 214
974.3 218
975.304 243
976.308 221
977.313 645
978.324 202
979.328 230
980.332 413
981.336 462
982.34 198
983.344 230
984.349 306
985.353 918
986.352 907
987.356 74
988.361 35
989.365 114
990.369 219
991.373 237
992.377 236
993.381 258
994.385 293
995.389 581
996.393 928
997.407 131
998.409 56
999.413 228
1000.42 232
1001.42 240
1002.42 336
1003.43 619
1004.43 110
1005.44 224
1006.44 297
1007.45 713
1008.45 156
1009.45 260
1010.46 402
1011.46 273
1012.47 349
1013.47 440
1014.48 280
1015.49 379
1016.49 303
1017.5 599
1018.5 218
1019.51 417
1020.51 340
1021.51 336
1022.52 378
1023.52 423
1024.53 355
1025.53 406
1026.53 420
1027.54 317
1028.54 347
1029.55 378
1030.55 461
1031.55 286
1032.56 660
1033.56 537
1034.57 94
1035.57 259
1036.57 394
1037.58 214
1038.58 711
1039.59 120
1040.59 487
1041.61 880
1042.61 38
1043.61 159
1044.61 316
1045.62 221
1046.62 576
1047.63 522
1048.63 190
1049.63 240
1050.64 519
1051.64 210
1052.65 557
1053.65 144
1054.65 672
1055.66 716
1056.66 62
1057.67 221
1058.67 239
1059.67 308
1060.68 912
1061.68 608
1062.69 49
1063.69 204
1064.69 224
1065.7 273
1066.71 911
1067.71 51
1068.72 186
1069.72 294
1070.73 607
1071.73 337
1072.73 241
1073.74 496
1074.76 525
1075.76 298
1076.76 432
1077.77 729
1078.77 154
1079.77 551
1080.78 298
1081.78 280
1082.79 792
1083.79 142
1084.79 438
1085.8 511
1086.8 288
1087.81 465
1088.81 316
1089.81 797
1090.82 303
1091.82 315
1092.83 519
1093.83 259
1094.84 767
1095.84 210
1096.84 293
1097.85 517
1098.85 284
1099.85 666
1100.86 233
1101.86 431
1102.87 396
1103.87 469
1104.88 642
1105.88 281
1106.89 516
1107.89 738
1108.89 157
1109.9 539
1110.91 214
1111.91 729
1112.91 471
1113.92 213
1114.92 244
1115.93 744
1116.93 330
1117.93 281
1118.94 660
1119.94 184
1120.95 595
1121.95 260
1122.95 306
1123.96 651
1124.96 229
1125.97 641
1126.97 287
1127.97 315
1128.98 775
1129.98 214
1130.99 486
1131.99 294
1133 671
1134 516
1135 210
1136.01 628
1137.01 277
1138.02 572
1139.02 771
1140.02 111
1141.04 481
1142.04 230
1143.05 709
1144.08 724
1145.08 109
1146.08 256
1147.09 626
1148.09 226
1149.1 411
1150.1 932
1151.1 82
1152.11 247
1153.11 381
1154.12 633
1155.12 496
1156.12 192
1157.13 296
1158.13 792
1159.14 192
1160.14 328
1161.14 436
1162.15 864
1163.15 157
1164.16 288
1165.16 592
1166.16 506
1167.17 239
1168.18 747
1169.18 139
1170.18 450
1171.19 371
1172.19 331
1173.2 982
1174.2 192
1175.2 248
1176.21 350
1177.21 652
1178.22 230
1179.22 708
1180.22 206
1181.23 242
1182.23 406
1183.24 322
1184.24 860
1185.24 782
1186.25 76
1187.25 248
1188.26 233
1189.26 324
1190.26 1149
1191.27 675
1192.27 276
1193.28 85
1194.28 244
1195.28 216
1196.29 258
1197.29 253
1198.3 511
1199.3 283
1200.3 883
1201.31 1040
1202.31 487
1203.32 24
1204.32 116
1205.32 205
1206.33 300
1207.33 255
1208.34 235
1209.34 762
1210.34 1095
1211.38 163
1212.38 803
1213.38 25
1214.39 122
1215.39 248
1216.4 259
1217.4 258
1218.4 226
1219.41 358
1220.41 970
1221.42 899
1222.42 287
1223.42 438
1224.43 46
1225.43 166
1226.44 265
1227.44 208
1228.44 271
1229.45 238
1230.45 767
1231.46 1022
1232.46 467
1233.46 22
1234.47 100
1235.47 248
1236.48 228
1237.48 271
1238.48 400
1239.48 837
1240.49 126
1241.49 249
1242.5 243
1243.5 625
1244.5 1062
1245.51 359
1246.51 398
1247.52 70
1248.52 195
1249.52 256
1250.53 256
1251.53 239
1252.54 554
1253.54 217
1254.54 584
1255.55 389
1256.55 1030
1257.56 507
1258.56 529
1259.56 53
1260.57 194
1261.57 215
1262.58 231
1263.58 255
1264.58 262
1265.59 1051
1266.59 806
1267.6 382
1268.6 29
1269.6 136
1270.61 218
1271.61 216
1272.62 238
1273.62 298
1274.63 939
1275.63 90
1276.63 252
1277.64 235
1278.64 397
1279.65 1054
1280.67 632
1281.67 186
1282.68 71
1283.68 215
1284.69 223
1285.69 275
1286.69 671
1287.7 162
1288.7 284
1289.71 636
1290.71 1114
1291.71 526
1292.72 81
1293.72 71
1294.73 252
1295.73 217
1296.73 285
1297.74 264
1298.74 739
1299.75 1153
1300.75 249
1301.75 36
1302.76 116
1303.77 295
1304.77 195
1305.78 245
1306.78 404
1307.8 1114
1308.81 52
1309.81 213
1310.81 250
1311.82 222
1312.82 481
1313.83 1023
1314.83 622
1315.83 30
1316.85 167
1317.86 243
1318.86 234
1319.87 356
1320.87 435
1321.87 306
1322.88 867
1323.88 678
1324.89 53
1325.89 249
1326.89 210
1327.9 421
1328.9 1061
1329.91 529
1330.91 39
1331.91 213
1332.92 222
1333.92 216
1334.93 467
1335.93 771
1336.93 92
1337.94 208
1338.94 236
1339.95 684
1340.95 724
1341.95 81
1342.96 227
1343.96 256
1344.97 460
1345.97 527
1346.97 705
1347.98 97
1348.98 243
1349.99 539
1350.99 296
1351.99 431
1353 279
1354 792
1355.01 168
1356.01 293
1357.01 414
1358.02 993
1359.02 68
1360.03 254
1361.03 227
1362.04 752
1363.04 813
1364.04 44
1365.05 218
1366.05 226
1367.05 425
1368.06 465
1369.06 330
1370.07 317
1371.07 870
1372.07 359
1373.08 143
1374.08 276
1375.09 328
1376.09 873
1377.09 92
1378.1 263
1379.1 646
1380.11 503
1381.11 183
1382.12 235
1383.12 392
1384.12 911
1385.13 675
1386.14 37
1387.14 184
1388.14 229
1389.15 266
1390.15 727
1391.16 246
1392.16 222
1393.16 404
1394.17 1084
1395.17 335
1396.18 102
1397.18 242
1398.18 245
1399.19 274
1400.19 365
1401.2 816
1402.21 152
1403.21 352
1404.22 458
1405.22 1084
1406.23 222
1407.23 99
1408.24 263
1409.24 227
1410.24 602
1411.25 934
1412.26 34
1413.26 134
1414.26 280
1415.27 252
1416.27 769
1417.29 867
1418.29 30
1419.3 132
1420.3 241
1421.3 267
1422.31 455
1423.31 512
1424.32 1088
1425.32 144
1426.32 71
1427.33 220
1428.33 233
1429.34 497
1430.34 764
1431.34 54
1432.35 229
1433.35 265
1434.36 674
1435.36 244
1436.36 311
1437.37 855
1438.38 77
1439.38 226
1440.39 470
1441.39 720
1442.39 109
1443.4 266
1444.4 418
1445.4 581
1446.41 301
1447.41 421
1448.42 307
1449.42 846
1450.42 386
1451.43 190
1452.43 255
1453.44 675
1454.44 181
1455.44 283
1456.44 496
1457.45 957
1458.45 459
1459.46 60
1460.46 233
1461.46 215
1462.47 273
1463.48 498
1464.48 1107
1465.48 472
1466.49 534
1467.49 26
1468.5 145
1469.5 226
1470.51 231
1471.51 281
1472.51 242
1473.52 757
1474.52 167
1475.53 289
1476.53 360
1477.53 1094
1478.54 593
1479.54 627
1480.55 18
1481.55 73
1482.55 208
1483.56 228
1484.56 237
1485.57 243
1486.57 263
1487.57 744
1488.58 318
1489.58 220
1490.59 260
1491.59 852
1492.59 765
1493.6 38
1494.6 145
1495.61 236
1496.61 254
1497.61 385
1498.62 716
1499.62 963
1500.68 304
1501.69 484
1502.69 40
1503.7 218
1504.71 208
1505.71 260
1506.71 268
1507.72 303
1508.72 791
1509.73 212
1510.73 252
1511.74 479
1512.74 1075
1513.75 208
1514.75 83
1515.75 238
1516.76 214
1517.76 248
1518.77 813
1519.78 157
1520.78 244
1521.79 349
1522.79 1030
1523.79 563
1524.8 41
1525.8 204
1526.81 200
1527.81 263
1528.81 311
1529.82 746
1530.82 1097
1531.83 170
1532.83 594
1533.83 32
1534.84 148
1535.84 233
1536.85 202
1537.85 245
1538.85 240
1539.86 406
1540.86 639
1541.87 451
1542.87 186
1543.87 244
1544.88 535
1545.88 647
1546.89 577
1547.89 121
1548.89 193
1549.9 314
1550.9 711
1551.91 1059
1552.92 26
1553.92 99
1554.92 240
1555.93 247
1556.93 289
1557.93 887
1558.94 1048
1559.94 376
1560.95 18
1561.95 89
1562.95 201
1563.96 244
1564.96 245
1565.97 293
1566.97 392
1567.98 1221
1568.98 439
1569.98 671
1570.99 12
1571.99 74
1572.99 209
1574 263
1575 212
1576.01 255
1577.01 296
1578.02 826
1579.02 1146
1580.05 10
1581.06 910
1582.06 10
1583.06 55
1584.07 162
1585.07 234
1586.08 191
1587.08 227
1588.08 244
1589.09 626
1590.09 189
1591.1 444
1592.1 1060
1593.1 597
1594.12 245
1595.12 49
1596.12 192
1597.13 204
1598.13 234
1599.14 274
1600.14 334
1601.14 1123
1602.15 787
1603.15 39
1604.17 902
1605.17 20
1606.18 88
1607.18 259
1608.18 206
1609.19 234
1610.19 266
1611.2 242
1612.2 752
1613.2 242
1614.21 275
1615.21 494
1616.22 1040
1617.22 574
1618.22 325
1619.23 556
1620.23 35
1621.24 137
1622.24 274
1623.24 177
1624.25 281
1625.25 211
1626.26 321
1627.26 957
1628.27 867
1629.27 99
1630.28 42
1631.28 175
1632.28 227
1633.29 310
1634.29 220
1635.3 751
1636.3 1087
1637.31 560
1638.31 17
1639.31 78
1640.32 246
1641.32 244
1642.32 224
1643.32 294
1644.33 595
1645.33 233
1646.34 313
1647.34 704
1648.34 1137
1649.35 166
1650.35 927
1651.36 16
1652.36 57
1653.36 187
1654.38 259
1655.38 184
1656.38 321
1657.39 214
1658.39 505
1659.4 1170
1660.4 354
1661.4 561
1662.41 21
1663.41 124
1664.42 210
1665.42 226
1666.43 251
1667.43 272
1668.43 532
1669.44 254
1670.44 770
1671.45 1072
1672.45 195
1673.45 929
1674.46 13
1675.46 54
1676.47 191
1677.47 284
1678.47 199
1679.48 309
1680.48 279
1681.49 329
1682.49 1191
1683.49 613
1684.5 267
1685.5 597
1686.51 39
1687.51 155
1688.51 264
1689.52 189
1690.52 269
1691.53 255
1692.53 574
1693.54 1130
1694.55 65
1695.55 110
1696.55 229
1697.56 268
1698.56 245
1699.57 520
1700.57 543
1701.57 306
1702.58 638
1703.58 166
1704.59 235
1705.59 591
1706.59 848
1707.6 84
1708.6 215
1709.61 390
1710.61 407
1711.61 839
1712.62 94
1713.62 233
1714.63 533
1715.63 616
1716.63 173
1717.64 241
1718.64 535
1719.65 356
1720.65 261
1721.65 857
1722.66 200
1723.66 270
1724.67 360
1725.67 1109
