# timestamp	utilization (%) \n
-136.303 0
-129.339 1
-122.502 3
-116.319 4
-110.905 5
-104.805 7
-99.3914 8
-91.4913 10
-85.598 11
-79.4919 12
-72.9935 14
-66.8239 15
-59.8367 17
-53.2446 18
-46.4639 20
-40.3308 21
-33.7958 22
-28.6968 24
-21.2828 25
-16.0618 27
-10.6788 28
-4.0178 29
1.6032 30
7.9142 32
13.8052 33
21.2152 34
26.8902 36
32.6582 37
39.6752 39
45.6832 40
51.9772 41
57.5272 42
65.7202 44
70.8412 45
77.0912 46
82.9532 48
89.9602 49
96.2012 51
103.502 52
109.343 53
114.419 55
120.87 56
126.452 57
131.654 58
136.671 59
142.181 61
148.009 62
153.883 63
159.287 64
164.343 65
170.021 66
175.737 68
180.895 68
185.918 68
191.732 68
196.821 67
201.832 67
209.175 67
214.549 66
220.247 66
227.279 65
233.252 65
239.226 64
244.496 64
249.812 64
256.861 63
262.562 63
267.746 62
273.307 62
279.918 62
285.119 61
290.569 61
295.944 61
301.854 60
308.274 60
314.881 59
321.225 59
326.849 58
331.909 58
337.306 57
342.591 57
347.988 56
354.783 56
360.345 56
367.037 55
372.476 55
378.811 54
385.69 53
390.741 53
396.43 52
401.523 52
406.853 51
412.104 51
417.831 50
423.143 50
429.169 49
434.361 49
439.749 49
444.952 48
450.018 48
455.834 48
461.347 48
467.431 48
473.375 48
479.092 47
484.094 47
489.803 47
495.657 47
501.166 47
506.453 46
512.178 46
517.937 46
523.482 46
528.483 46
534.587 46
540.215 46
545.442 46
550.829 45
556.491 45
562.406 45
567.439 45
572.946 45
578.855 45
584.513 44
589.551 44
595.481 44
601.39 44
606.722 44
612.222 44
618.227 44
623.812 44
629.457 44
634.989 43
640.799 43
646.304 43
651.918 43
657.491 43
663.543 43
669.155 43
674.437 43
680.536 43
686.317 42
691.651 42
697.297 42
702.867 42
708.749 42
714.397 42
719.968 42
726.015 42
731.786 42
737.143 42
742.265 42
748.079 42
754.06 42
759.625 42
764.827 42
770.352 42
776.087 42
781.722 42
787.121 42
792.901 42
798.612 42
803.953 42
809.334 42
814.977 42
820.746 42
826.214 42
831.543 41
837.523 41
843.156 41
848.506 41
853.918 41
859.863 41
865.533 41
871.083 41
876.483 41
882.223 41
887.793 41
893.243 41
898.653 41
904.403 41
909.953 41
915.553 41
920.863 41
926.843 40
932.423 40
937.773 40
943.383 40
948.943 40
954.703 40
960.183 40
965.623 40
971.313 40
977.053 40
982.593 40
988.033 40
993.853 40
999.433 40
1005.14 40
1010.68 40
1016.25 40
1021.96 40
1027.44 39
1033 39
1038.58 39
1044.22 39
1049.76 39
1055.36 39
