1 36.0426
2 36.0132
3 35.9358
4 35.896
5 35.8669
6 35.8619
7 35.8613
8 35.8582
9 35.8575
10 35.8573
11 35.8573
12 35.8573
13 35.8571
14 35.855
15 35.8553
16 35.85
17 35.8501
18 35.8504
19 35.8492
20 35.8496
21 35.8497
22 35.8496
23 35.8494
24 35.8489
25 35.8488
26 35.8476
27 35.8479
28 35.8484
29 35.8473
30 35.8474
31 35.8474
32 35.8478
33 35.8472
34 35.8465
35 35.8464
36 35.8463
37 35.8462
38 35.846
39 35.846
40 35.8463
41 35.8466
42 35.846
43 35.8457
44 35.845
45 35.8413
46 35.8412
47 35.8382
48 35.8383
49 35.8379
50 35.8392
51 35.839
52 35.8392
53 35.8395
54 35.8378
55 35.8368
56 35.8386
57 35.8383
58 35.8389
59 35.8387
60 35.8389
61 35.8394
62 35.8389
63 35.8391
64 35.8386
65 35.8372
66 35.8368
67 35.8366
68 35.8368
69 35.8363
70 35.8357
71 35.8374
72 35.8383
73 35.8362
74 35.8365
75 35.8346
76 35.8345
77 35.8339
78 35.8337
79 35.8334
80 35.8346
81 35.8344
82 35.8334
83 35.8331
84 35.8332
85 35.8339
86 35.8327
87 35.8344
88 35.8317
89 35.8317
90 35.8335
91 35.8331
92 35.8323
93 35.8321
94 35.8327
95 35.8317
96 35.8325
97 35.832
98 35.8295
99 35.8271
100 35.8286
101 35.8292
102 35.8285
103 35.8291
104 35.8299
105 35.8322
106 35.8321
107 35.8312
108 35.8307
109 35.8318
110 35.8313
111 35.8318
112 35.8322
113 35.8315
114 35.8326
115 35.8325
116 35.8317
117 35.8315
118 35.8309
119 35.8321
120 35.8307
121 35.8296
122 35.832
123 35.8319
124 35.8313
125 35.8303
126 35.8301
127 35.8308
128 35.8317
129 35.8314
130 35.8297
131 35.8309
132 35.8305
133 35.833
134 35.8315
135 35.8325
136 35.8325
137 35.8327
138 35.8217
139 35.8317
140 35.8332
141 35.831
142 35.8314
143 35.8331
144 35.8331
145 35.8313
146 35.8328
147 35.8317
148 35.8333
149 35.8336
150 35.8344
151 35.8348
152 35.8327
153 35.8301
154 35.8305
155 35.8299
156 35.8308
157 35.8283
158 35.8278
159 35.8289
160 35.8291
161 35.8307
162 35.8301
163 35.8316
164 35.8333
165 35.8331
166 35.8346
167 35.834
168 35.8347
169 35.8337
170 35.8346
171 35.834
172 35.8335
173 35.8338
174 35.8339
175 35.8319
176 35.8338
177 35.8312
178 35.8304
179 35.8307
180 35.8324
181 35.8309
182 35.8315
183 35.8317
184 35.8311
185 35.832
186 35.831
187 35.8307
188 35.8327
189 35.8311
190 35.8318
191 35.8309
192 35.8308
193 35.8308
194 35.8199
195 35.8316
196 35.8306
197 35.8333
198 35.831
199 35.8307
200 35.8305
201 35.8291
202 35.8291
203 35.832
204 35.8318
205 35.8312
206 35.829
207 35.83
208 35.828
209 35.8287
210 35.8295
211 35.827
212 35.8267
213 35.8291
214 35.8287
215 35.8286
216 35.8292
217 35.83
218 35.824
219 35.8276
220 35.8288
221 35.8316
222 35.831
223 35.8319
224 35.8319
225 35.8312
226 35.8316
227 35.8306
228 35.8291
229 35.8294
230 35.8282
231 35.8269
232 35.8295
233 35.8283
234 35.8284
235 35.8272
236 35.8262
237 35.8281
238 35.8282
239 35.8298
240 35.8301
241 35.8234
242 35.823
243 35.8218
244 35.8226
245 35.8218
246 35.8165
247 35.8211
248 35.821
249 35.8213
250 35.821
251 35.8134
252 35.8156
253 35.8137
254 35.8157
255 35.8125
256 35.8117
257 35.8117
258 35.8124
259 35.8125
260 35.8136
261 35.8127
262 35.8127
263 35.8138
264 35.8132
265 35.8129
266 35.8149
267 35.8144
268 35.8132
269 35.8163
270 35.8162
271 35.8152
272 35.8128
273 35.8122
274 35.8124
275 35.8133
276 35.8109
277 35.8009
278 35.812
279 35.8137
280 35.8134
281 35.8129
282 35.8106
283 35.8101
284 35.8062
285 35.811
286 35.7987
287 35.8121
288 35.8101
289 35.8094
290 35.8094
291 35.8104
292 35.8119
293 35.8109
294 35.8102
295 35.8099
296 35.8082
297 35.8084
298 35.811
299 35.8107
300 35.8106
301 35.8136
302 35.8133
303 35.8127
304 35.8129
305 35.8117
306 35.812
307 35.8124
308 35.8113
309 35.8097
310 35.8117
311 35.8101
312 35.8102
313 35.809
314 35.8107
315 35.8109
316 35.8056
317 35.8056
318 35.806
319 35.8081
320 35.8051
321 35.806
322 35.8041
323 35.8058
324 35.8046
325 35.8058
326 35.8062
327 35.8044
328 35.8037
329 35.7922
330 35.8058
331 35.7946
332 35.8035
333 35.7923
334 35.8034
335 35.8025
336 35.8043
337 35.7919
338 35.8018
339 35.7887
340 35.7996
341 35.8012
342 35.8007
343 35.8013
344 35.8006
345 35.8022
346 35.8036
347 35.8031
348 35.8036
349 35.7904
350 35.8027
351 35.8004
352 35.8022
353 35.7912
354 35.8039
355 35.8012
356 35.8048
357 35.8007
358 35.7986
359 35.7985
360 35.7987
361 35.8027
362 35.8033
363 35.8021
364 35.7997
365 35.7901
366 35.801
367 35.802
368 35.8018
369 35.8029
370 35.8019
371 35.8017
372 35.803
373 35.8018
374 35.8018
375 35.8043
376 35.8011
377 35.8036
378 35.8012
379 35.8015
380 35.8003
381 35.8016
382 35.8003
383 35.7887
384 35.7998
385 35.7967
386 35.8012
387 35.7969
388 35.7965
389 35.7987
390 35.7981
391 35.7985
392 35.786
393 35.7981
394 35.7968
395 35.798
396 35.7966
397 35.7921
398 35.7962
399 35.7865
400 35.7977
401 35.7982
402 35.7875
403 35.8014
404 35.7871
405 35.7988
406 35.7984
407 35.7951
408 35.7953
409 35.7937
410 35.7968
411 35.7964
412 35.7941
413 35.7953
414 35.7838
415 35.7836
416 35.7952
417 35.7955
418 35.7944
419 35.794
420 35.7936
421 35.7973
422 35.7973
423 35.7963
424 35.7984
425 35.797
426 35.7976
427 35.7972
428 35.7959
429 35.7847
430 35.7963
431 35.7851
432 35.7965
433 35.7964
434 35.7982
435 35.7977
436 35.7974
437 35.7999
438 35.7965
439 35.7998
440 35.7972
441 35.7906
442 35.7987
443 35.8004
444 35.8017
445 35.7999
446 35.7991
447 35.7872
448 35.7874
449 35.7984
450 35.7976
451 35.7959
452 35.7858
453 35.7963
454 35.7989
455 35.7979
456 35.7966
457 35.7975
458 35.7967
459 35.7971
460 35.7962
461 35.7953
462 35.7992
463 35.7957
464 35.7954
465 35.7971
466 35.7965
467 35.7973
468 35.7984
469 35.7958
470 35.7959
471 35.7844
472 35.7839
473 35.7948
474 35.7905
475 35.7958
476 35.785
477 35.7834
478 35.7944
479 35.7983
480 35.7922
481 35.7904
482 35.7915
483 35.7912
484 35.7944
485 35.7917
486 35.7778
487 35.7786
488 35.7896
489 35.7917
490 35.7907
491 35.7943
492 35.7918
493 35.7913
494 35.7931
495 35.7936
496 35.7929
497 35.7929
498 35.7933
499 35.7929
500 35.7922
501 35.795
502 35.7947
503 35.7973
504 35.7974
505 35.7962
506 35.7964
507 35.7996
508 35.7957
509 35.7963
510 35.7953
511 35.7965
512 35.7946
513 35.7957
514 35.7947
515 35.7959
516 35.7972
517 35.7946
518 35.7947
519 35.7957
520 35.796
521 35.7973
522 35.7962
523 35.798
524 35.796
525 35.7948
526 35.7955
527 35.7963
528 35.7933
529 35.7949
530 35.7862
531 35.7928
532 35.7813
533 35.7911
534 35.7936
535 35.7919
536 35.7915
537 35.7947
538 35.7924
539 35.7914
540 35.7924
541 35.7916
542 35.789
543 35.7888
544 35.7906
545 35.7891
546 35.7902
547 35.793
548 35.7896
549 35.7896
550 35.7865
551 35.7904
552 35.7873
553 35.7879
554 35.7867
555 35.7864
556 35.7862
557 35.7868
558 35.7872
559 35.7862
560 35.7883
561 35.7853
562 35.7867
563 35.7859
564 35.7874
565 35.7867
566 35.7865
567 35.7885
568 35.7868
569 35.7894
570 35.7855
571 35.7837
572 35.7856
573 35.7837
574 35.7881
575 35.7829
576 35.7874
577 35.7833
578 35.7837
579 35.7833
580 35.784
581 35.7737
582 35.7855
583 35.7849
584 35.7844
585 35.7839
586 35.784
587 35.7826
588 35.7854
589 35.7843
590 35.7838
591 35.7855
592 35.7848
593 35.7892
594 35.7859
595 35.785
596 35.7851
597 35.7876
598 35.7871
599 35.7885
600 35.7878
601 35.7877
602 35.7886
603 35.7887
604 35.7892
605 35.7911
606 35.7877
607 35.786
608 35.7895
609 35.7867
610 35.7895
611 35.788
612 35.7891
613 35.7876
614 35.788
615 35.7889
616 35.7891
617 35.7883
618 35.789
619 35.7874
620 35.7895
621 35.7886
622 35.7883
623 35.7894
624 35.7885
625 35.7868
626 35.7893
627 35.788
628 35.791
629 35.7865
630 35.7842
631 35.7709
632 35.7826
633 35.7699
634 35.7822
635 35.7856
636 35.7857
637 35.7844
638 35.7721
639 35.7871
640 35.7832
641 35.784
642 35.7828
643 35.7822
644 35.7788
645 35.784
646 35.783
647 35.7857
648 35.7849
649 35.7893
650 35.7889
651 35.7891
652 35.792
653 35.7883
654 35.7862
655 35.7778
656 35.7877
657 35.7884
658 35.7883
659 35.7889
660 35.7855
661 35.7851
662 35.7752
663 35.7744
664 35.7863
665 35.7878
666 35.7847
667 35.7869
668 35.785
669 35.7845
670 35.7746
671 35.7863
672 35.7848
673 35.7874
674 35.7877
675 35.7856
676 35.7861
677 35.7853
678 35.7896
679 35.7867
680 35.7853
681 35.7894
682 35.7863
683 35.7876
684 35.7856
685 35.7846
686 35.7761
687 35.7859
688 35.7742
689 35.7856
690 35.7868
691 35.7844
692 35.7837
693 35.7835
694 35.7858
695 35.7857
696 35.784
697 35.7854
698 35.7836
699 35.7867
700 35.785
701 35.7841
702 35.7873
703 35.7855
704 35.7857
705 35.7902
706 35.7839
707 35.7813
708 35.7817
709 35.7803
710 35.7822
711 35.7792
712 35.7789
713 35.7805
714 35.7776
715 35.7769
716 35.7677
717 35.7794
718 35.7669
719 35.7765
720 35.7786
721 35.7784
722 35.7823
723 35.7738
724 35.7777
725 35.7788
726 35.7817
727 35.7792
728 35.7774
729 35.7782
730 35.7674
731 35.7775
732 35.78
733 35.7769
734 35.7759
735 35.7677
736 35.7783
737 35.78
738 35.7776
739 35.7765
740 35.7787
741 35.7782
742 35.7782
743 35.7828
744 35.78
745 35.78
746 35.7797
747 35.7797
748 35.7852
749 35.7807
750 35.7811
751 35.7814
752 35.784
753 35.7817
754 35.781
755 35.7821
756 35.7807
757 35.7826
758 35.7805
759 35.785
760 35.7814
761 35.7798
762 35.7813
763 35.7811
764 35.7815
765 35.7809
766 35.7793
767 35.7809
768 35.7691
769 35.7797
770 35.7696
771 35.7802
772 35.7836
773 35.7801
774 35.7789
775 35.7841
776 35.7749
777 35.7793
778 35.7685
779 35.781
780 35.7689
781 35.7792
782 35.7811
783 35.7794
784 35.7776
785 35.7735
786 35.7757
787 35.7753
788 35.7721
789 35.7763
790 35.7644
791 35.7802
792 35.7762
793 35.7657
794 35.7755
795 35.7762
796 35.7752
797 35.7654
798 35.7759
799 35.7652
800 35.7763
801 35.7651
802 35.7765
803 35.7764
804 35.7772
805 35.7795
806 35.7658
807 35.7756
808 35.777
809 35.7774
810 35.7795
811 35.7641
812 35.7794
813 35.776
814 35.7644
815 35.7757
816 35.7756
817 35.7777
818 35.7797
819 35.7653
820 35.7761
821 35.7768
822 35.7774
823 35.7651
824 35.7767
825 35.7778
826 35.7764
827 35.7771
828 35.7757
829 35.7773
830 35.7743
831 35.7792
832 35.7742
833 35.7728
834 35.775
835 35.802
836 35.8045
837 35.8014
838 35.7999
839 35.7998
840 35.7976
841 35.797
842 35.7902
843 35.7944
844 35.7946
845 35.7926
846 35.7939
847 35.7916
848 35.7946
849 35.7872
850 35.7913
851 35.796
852 35.7919
853 35.7919
854 35.7874
855 35.7924
856 35.78
857 35.7909
858 35.7929
859 35.7894
860 35.7877
861 35.7873
862 35.7873
863 35.7864
864 35.7874
865 35.7857
866 35.7867
867 35.7776
868 35.7872
869 35.7806
870 35.7795
871 35.7816
872 35.7806
873 35.7819
874 35.775
875 35.779
876 35.7809
877 35.7809
878 35.7695
879 35.7539
880 35.7608
881 35.7623
882 35.766
883 35.7505
884 35.7617
885 35.7629
886 35.7613
887 35.7639
888 35.7612
889 35.7586
890 35.7499
891 35.7648
892 35.7622
893 35.7623
894 35.7615
895 35.7626
896 35.76
897 35.762
898 35.7609
899 35.7631
900 35.7618
901 35.7597
902 35.7627
903 35.7669
904 35.761
905 35.759
906 35.7631
907 35.7618
908 35.7614
909 35.7627
910 35.7507
911 35.7618
912 35.7616
913 35.7568
914 35.7604
915 35.7579
916 35.7599
917 35.7591
918 35.763
919 35.7608
920 35.7598
921 35.7644
922 35.7612
923 35.7618
924 35.7599
925 35.7618
926 35.7601
927 35.7648
928 35.7612
929 35.7595
930 35.7508
931 35.7602
932 35.7607
933 35.7611
934 35.7601
935 35.761
936 35.7606
937 35.7598
938 35.7645
939 35.7606
940 35.7581
941 35.7594
942 35.7591
943 35.76
944 35.7594
945 35.7601
946 35.7602
947 35.7603
948 35.7584
949 35.7569
950 35.7547
951 35.7561
952 35.7519
953 35.7517
954 35.7487
955 35.7497
956 35.7524
957 35.7514
958 35.7581
959 35.7544
960 35.7542
961 35.753
962 35.7538
963 35.7532
964 35.7523
965 35.7517
966 35.7561
967 35.752
968 35.7497
969 35.7509
970 35.7496
971 35.7517
972 35.7396
973 35.7525
974 35.7519
975 35.7529
976 35.7526
977 35.753
978 35.7521
979 35.7566
980 35.7528
981 35.7503
982 35.7524
983 35.7516
984 35.7509
985 35.7521
986 35.7509
987 35.7518
988 35.7509
989 35.7522
990 35.7511
991 35.7529
992 35.7469
993 35.7496
994 35.7511
995 35.7516
996 35.7533
997 35.7539
998 35.7523
999 35.7542
1000 35.752
1001 35.7533
1002 35.7512
1003 35.7548
1004 35.7531
1005 35.7501
1006 35.7548
1007 35.7532
1008 35.757
1009 35.757
1010 35.7546
1011 35.762
1012 35.7473
1013 35.7559
1014 35.7569
1015 35.7571
1016 35.7575
1017 35.7594
1018 35.7579
1019 35.7566
1020 35.7601
1021 35.7586
1022 35.7552
1023 35.7586
1024 35.7564
1025 35.7587
1026 35.7574
1027 35.7635
1028 35.7473
1029 35.7568
1030 35.7591
1031 35.7577
1032 35.7577
1033 35.7583
1034 35.7561
1035 35.758
1036 35.7548
1037 35.7553
1038 35.7529
1039 35.7583
1040 35.7535
1041 35.7509
1042 35.7421
1043 35.7517
1044 35.75
1045 35.7421
1046 35.7521
1047 35.7578
1048 35.7515
1049 35.7507
1050 35.7408
1051 35.7508
1052 35.7534
1053 35.7496
1054 35.7481
1055 35.7395
1056 35.7502
1057 35.7525
1058 35.7516
1059 35.7479
1060 35.7393
1061 35.7496
1062 35.7467
1063 35.748
1064 35.7481
1065 35.7492
1066 35.7483
1067 35.7444
1068 35.7501
1069 35.7478
1070 35.7465
1071 35.7471
1072 35.7452
1073 35.7478
1074 35.7461
1075 35.7455
1076 35.7425
1077 35.7488
1078 35.7474
1079 35.7525
1080 35.7478
1081 35.7471
1082 35.7372
1083 35.748
1084 35.7463
1085 35.7489
1086 35.7484
1087 35.7536
1088 35.7506
1089 35.7497
1090 35.7514
1091 35.7499
1092 35.7487
1093 35.7415
1094 35.7514
1095 35.7541
1096 35.7526
1097 35.7516
1098 35.742
1099 35.7524
1100 35.7491
1101 35.7529
1102 35.752
1103 35.7533
1104 35.7527
1105 35.7525
1106 35.7519
1107 35.7413
1108 35.7529
1109 35.7503
1110 35.7519
1111 35.7508
1112 35.741
1113 35.7519
1114 35.7504
1115 35.7524
1116 35.7513
1117 35.7522
1118 35.7495
1119 35.7489
1120 35.7482
1121 35.7504
1122 35.7497
1123 35.7475
1124 35.7509
1125 35.7497
1126 35.7478
1127 35.7506
1128 35.7496
1129 35.7478
1130 35.7503
1131 35.7518
1132 35.7498
1133 35.7408
1134 35.7496
1135 35.7468
1136 35.7503
1137 35.7499
1138 35.7402
1139 35.7518
1140 35.75
1141 35.7408
1142 35.7513
1143 35.7521
1144 35.75
1145 35.7472
1146 35.7492
1147 35.7498
1148 35.7514
1149 35.752
1150 35.749
1151 35.7512
1152 35.7506
1153 35.7481
1154 35.751
1155 35.7563
1156 35.7401
1157 35.7549
1158 35.7515
1159 35.7555
1160 35.7515
1161 35.7528
1162 35.7506
1163 35.7512
1164 35.7503
1165 35.7403
1166 35.7503
1167 35.7515
1168 35.7501
1169 35.7528
1170 35.7507
1171 35.7556
1172 35.7509
1173 35.7518
1174 35.7489
1175 35.7443
1176 35.7356
1177 35.7466
1178 35.7489
1179 35.7464
1180 35.7454
1181 35.737
1182 35.7481
1183 35.7469
1184 35.7504
1185 35.7505
1186 35.7508
1187 35.7458
1188 35.7484
1189 35.7497
1190 35.7433
1191 35.7496
1192 35.7481
1193 35.7537
1194 35.7536
