1 36.3693
2 36.316
3 35.4848
4 34.6151
5 33.7649
6 32.7482
7 31.9363
8 31.0396
9 30.1554
10 29.2813
11 28.4074
12 27.601
13 26.6497
14 25.9551
15 25.0945
16 24.2448
17 23.4707
18 22.714
19 21.7676
20 20.9021
21 20.0588
22 19.3113
23 18.5703
24 17.6738
25 16.7461
26 15.9466
27 15.157
28 14.3376
29 13.5735
30 12.7485
31 11.9763
32 11.229
33 10.3608
34 9.61936
35 8.81441
36 8.05125
37 7.34302
38 6.64179
39 5.7712
40 4.97305
41 4.23687
42 3.54483
43 2.85851
44 2.05721
45 1.20506
46 0.444145
47 0.395981
48 0.436573
49 0.43671
50 0.436584
51 0.487694
52 0.438564
53 0.432987
54 0.436104
55 0.459408
56 0.496929
57 0.40329
58 0.420341
59 0.491737
60 0.428242
61 0.427635
62 0.453224
63 0.45546
64 0.436584
65 0.395161
66 0.475765
67 0.462959
68 0.404018
69 0.396515
70 0.469563
71 0.4198
72 0.427002
73 0.41605
74 0.492874
75 0.432209
76 0.463753
77 0.472038
78 0.455605
79 0.458
80 0.457138
81 0.433197
82 0.442657
83 0.474232
84 0.44099
85 0.478794
86 0.424503
87 0.456551
88 0.482239
89 0.423489
90 0.435463
91 0.411324
92 0.394581
93 0.489979
94 0.490662
95 0.470421
96 0.455563
97 0.393398
98 0.398232
99 0.40398
100 0.470295
101 0.472919
102 0.466164
103 0.430447
104 0.447968
105 0.447041
106 0.436497
107 0.44305
108 0.432732
109 0.427647
110 0.416813
111 0.446056
112 0.429581
113 0.452404
114 0.470421
115 0.495697
116 0.461033
117 0.423107
118 0.455593
119 0.439655
120 0.42366
121 0.457085
122 0.44302
123 0.418243
124 0.462212
125 0.443939
126 0.480782
127 0.473305
128 0.413181
129 0.489155
130 0.450439
131 0.426369
132 0.439655
133 0.486328
134 0.452835
135 0.457081
136 0.454826
137 0.465431
138 0.417305
139 0.457653
140 0.503319
141 0.46188
142 0.427219
143 0.406902
144 0.418911
145 0.414543
146 0.47723
147 0.454758
148 0.462738
149 0.425766
150 0.443123
151 0.479233
152 0.397163
153 0.395477
154 0.487835
155 0.456966
156 0.414719
157 0.432606
158 0.477901
159 0.435986
160 0.44268
161 0.453308
162 0.476936
163 0.403206
164 0.405098
165 0.463448
166 0.437714
167 0.430077
168 0.50119
169 0.413773
170 0.487999
171 0.453438
172 0.433777
173 0.495571
174 0.506001
175 0.452053
176 0.432945
177 0.439331
178 0.461349
179 0.415478
180 0.415451
181 0.483452
182 0.494061
183 0.426903
184 0.482674
185 0.42181
186 0.440845
187 0.459148
188 0.399128
189 0.456768
190 0.455048
191 0.40099
192 0.446831
193 0.406231
194 0.445732
195 0.445034
196 0.462746
197 0.473026
198 0.466457
199 0.438137
200 0.466156
201 0.465904
202 0.464062
203 0.485565
204 0.449253
205 0.466805
206 0.441566
207 0.448082
208 0.480423
209 0.421844
210 0.40012
211 0.396759
212 0.395077
213 0.478004
214 0.482849
215 0.395176
216 0.498051
217 0.436241
218 0.43108
219 0.475819
220 0.417797
221 0.403992
222 0.45528
223 0.515636
224 0.439056
225 0.426792
226 0.458721
227 0.497292
228 0.461075
229 0.44619
230 0.461594
231 0.452213
232 0.448353
233 0.454132
234 0.473438
235 0.490074
236 0.421089
237 0.399742
238 0.455608
239 0.45797
240 0.413254
241 0.433872
242 0.459545
243 0.468647
244 0.466568
245 0.445766
246 0.454918
247 0.418903
248 0.402134
249 0.483231
250 0.45031
251 0.430714
252 0.447536
253 0.490723
254 0.493568
255 0.394588
256 0.451992
257 0.426987
258 0.452198
259 0.412777
260 0.423271
261 0.498684
262 0.445618
263 0.427795
264 0.468651
265 0.496197
266 0.467838
267 0.496853
268 0.410156
269 0.39291
270 0.473434
271 0.440983
272 0.478027
273 0.470348
274 0.39613
275 0.394634
276 0.392952
277 0.423798
278 0.486046
279 0.450768
280 0.411491
281 0.460674
282 0.496532
283 0.443306
284 0.460522
285 0.492531
286 0.471203
287 0.40271
288 0.398605
289 0.417465
290 0.499485
291 0.461353
292 0.493763
293 0.409458
294 0.451607
295 0.434143
296 0.470928
297 0.432457
298 0.449505
299 0.456722
300 0.471298
301 0.401775
302 0.490879
303 0.439877
304 0.45911
305 0.402821
306 0.45208
307 0.462181
308 0.446148
309 0.465622
310 0.447624
311 0.420101
312 0.459366
313 0.484207
314 0.447151
315 0.449314
316 0.392151
317 0.420002
318 0.424278
319 0.407986
320 0.469566
321 0.432568
322 0.462635
323 0.448841
324 0.427349
325 0.458553
326 0.450661
327 0.428375
328 0.464573
329 0.46986
330 0.47908
331 0.464836
332 0.440678
333 0.450886
334 0.508202
335 0.479622
336 0.474354
337 0.45694
338 0.453003
339 0.39164
340 0.398319
341 0.445988
342 0.443645
343 0.40509
344 0.418259
345 0.456158
346 0.487038
347 0.454956
348 0.417675
349 0.488575
350 0.457352
351 0.477673
352 0.453415
353 0.451412
354 0.405319
355 0.452538
356 0.430294
357 0.430153
358 0.403381
359 0.454556
360 0.470657
361 0.394951
362 0.405102
363 0.492405
364 0.417282
365 0.474861
366 0.429737
367 0.40659
368 0.464165
369 0.446785
370 0.443348
371 0.428616
372 0.47818
373 0.485931
374 0.433441
375 0.396503
376 0.454185
377 0.435844
378 0.481697
379 0.438175
380 0.483311
381 0.456894
382 0.482761
383 0.501736
384 0.453163
385 0.481934
386 0.429371
387 0.456718
388 0.471195
389 0.512714
390 0.420135
391 0.404224
392 0.512566
393 0.433945
394 0.497108
395 0.475456
396 0.459293
397 0.467674
398 0.404697
399 0.458088
400 0.499355
401 0.416763
402 0.499565
403 0.408463
404 0.471966
405 0.4837
406 0.45549
407 0.398949
408 0.392414
409 0.397118
410 0.492634
411 0.464611
412 0.448719
413 0.459618
414 0.404366
415 0.467442
416 0.49226
417 0.453045
418 0.478596
419 0.406876
420 0.44759
421 0.41188
422 0.454613
423 0.450714
424 0.420208
425 0.462833
426 0.489838
427 0.461681
428 0.413101
429 0.394596
430 0.39151
431 0.46283
432 0.433475
433 0.492599
434 0.492367
435 0.494144
436 0.476128
437 0.45723
438 0.470417
439 0.487854
440 0.50029
441 0.476971
442 0.486835
443 0.455864
444 0.44257
445 0.461113
446 0.471569
447 0.478947
448 0.459511
449 0.402485
450 0.452663
451 0.452763
452 0.467953
453 0.427361
454 0.395157
455 0.431541
456 0.451782
457 0.464214
458 0.412254
459 0.4491
460 0.435616
461 0.477722
462 0.419594
463 0.436192
464 0.430893
465 0.415333
466 0.467968
467 0.423019
468 0.401451
469 0.497578
470 0.45153
471 0.488865
472 0.480843
473 0.403706
474 0.51767
475 0.486423
476 0.485985
477 0.450493
478 0.474129
479 0.485111
480 0.392914
481 0.391621
482 0.392895
483 0.422768
484 0.450165
485 0.39275
486 0.404282
487 0.469219
488 0.508308
489 0.447823
490 0.482292
491 0.481907
492 0.414356
493 0.430531
494 0.448021
495 0.409748
496 0.449821
497 0.409077
498 0.432034
499 0.420956
500 0.457546
501 0.442314
502 0.475742
503 0.452469
504 0.463188
505 0.400528
506 0.498814
507 0.444736
508 0.47641
509 0.457779
510 0.448063
511 0.47847
512 0.467606
513 0.422115
514 0.452969
515 0.447304
516 0.425163
517 0.400925
518 0.425701
519 0.41993
520 0.412064
521 0.440754
522 0.481827
523 0.450718
524 0.470867
525 0.455185
526 0.495781
527 0.462437
528 0.475697
529 0.457249
530 0.45039
531 0.457077
532 0.443844
533 0.451904
534 0.503437
535 0.393154
536 0.455585
537 0.437256
538 0.445583
539 0.433369
540 0.395035
541 0.488071
542 0.489944
543 0.452782
544 0.463516
545 0.446678
546 0.449471
547 0.449837
548 0.477169
549 0.448597
550 0.464985
551 0.44273
552 0.467545
553 0.441265
554 0.394539
555 0.496452
556 0.47102
557 0.467083
558 0.412159
559 0.408943
560 0.44854
561 0.44627
562 0.438343
563 0.485802
564 0.466267
565 0.414032
566 0.488693
567 0.460251
568 0.454823
569 0.420876
570 0.418922
571 0.460987
572 0.457802
573 0.459438
574 0.471622
575 0.394138
576 0.469971
577 0.401699
578 0.41206
579 0.447895
580 0.478882
581 0.45203
582 0.437141
583 0.434105
584 0.438286
585 0.403847
586 0.456757
587 0.458725
588 0.467491
589 0.429012
590 0.471615
591 0.497852
592 0.421158
593 0.424675
594 0.418827
595 0.487259
596 0.404819
597 0.44986
598 0.462952
599 0.47139
600 0.494225
601 0.42387
602 0.403244
603 0.41954
604 0.429024
605 0.437031
606 0.453167
607 0.453106
608 0.415562
609 0.426514
610 0.442154
611 0.40353
612 0.446087
613 0.479927
614 0.437561
615 0.422905
616 0.412327
617 0.499878
618 0.415855
619 0.452274
620 0.471153
621 0.460999
622 0.424152
623 0.462814
624 0.487427
625 0.469028
626 0.483772
627 0.458347
628 0.42696
629 0.400784
630 0.392235
631 0.419441
632 0.477776
633 0.488148
634 0.462086
635 0.429119
636 0.455486
637 0.412582
638 0.395828
639 0.451416
640 0.415665
641 0.394306
642 0.451408
643 0.430218
644 0.483166
645 0.467278
646 0.429638
647 0.42733
648 0.472713
649 0.428585
650 0.454506
651 0.459778
652 0.439175
653 0.455196
654 0.469288
655 0.457996
656 0.451527
657 0.446907
658 0.455879
659 0.436798
660 0.467484
661 0.405632
662 0.464172
663 0.451469
664 0.393333
665 0.466202
666 0.463257
667 0.432781
668 0.490353
669 0.441639
670 0.456573
671 0.413177
672 0.411137
673 0.460155
674 0.488434
675 0.428356
676 0.422371
677 0.463779
678 0.437447
679 0.483864
680 0.486462
681 0.395908
682 0.47739
683 0.423279
684 0.465542
685 0.497559
686 0.484581
687 0.412479
688 0.462883
689 0.457829
690 0.461174
691 0.479797
692 0.488586
693 0.452991
694 0.462879
695 0.397839
696 0.497814
697 0.431156
698 0.459217
699 0.431686
700 0.467861
701 0.463722
702 0.466801
703 0.402645
704 0.480106
705 0.434399
706 0.393543
707 0.398697
708 0.408684
709 0.420334
710 0.417095
711 0.431366
712 0.479103
713 0.450459
714 0.436432
715 0.410812
716 0.460377
717 0.448982
718 0.398674
719 0.487972
720 0.428543
721 0.473778
722 0.471764
723 0.45425
724 0.445965
725 0.482639
726 0.416142
727 0.467991
728 0.393093
729 0.45277
730 0.460354
731 0.399769
732 0.39304
733 0.49934
734 0.411579
735 0.458694
736 0.453625
737 0.440479
738 0.471317
739 0.4333
740 0.437649
741 0.453754
742 0.426712
743 0.450577
744 0.448215
745 0.434513
746 0.417652
747 0.42358
748 0.419697
749 0.453556
750 0.440731
751 0.428192
752 0.452744
753 0.419563
754 0.455036
755 0.476654
756 0.450001
757 0.413033
758 0.467148
759 0.468582
760 0.477222
761 0.470478
762 0.459023
763 0.457294
764 0.422607
765 0.50201
766 0.456898
767 0.51857
768 0.465057
769 0.437504
770 0.50441
771 0.467449
772 0.444267
773 0.455795
774 0.464664
775 0.413979
776 0.45892
777 0.421173
778 0.514038
779 0.455196
780 0.482468
781 0.422207
782 0.458508
783 0.466763
784 0.400188
785 0.433731
786 0.395657
787 0.394958
788 0.43877
789 0.460697
790 0.436031
791 0.447296
792 0.50782
793 0.401001
794 0.439423
795 0.451572
796 0.431236
797 0.432785
798 0.469334
799 0.465298
800 0.482201
801 0.461842
802 0.443336
803 0.4562
804 0.432087
805 0.437225
806 0.40107
807 0.454494
808 0.465237
809 0.44865
810 0.430183
811 0.47369
812 0.434254
813 0.451996
814 0.495804
815 0.502918
816 0.455811
817 0.436596
818 0.393391
819 0.461143
820 0.397587
821 0.492661
822 0.454052
823 0.493629
824 0.428143
825 0.449776
826 0.467415
827 0.467293
828 0.443146
829 0.453701
830 0.396378
831 0.454018
832 0.452324
833 0.475536
834 0.438141
835 0.446754
836 0.717731
837 1.07125
838 0.464672
839 0.423275
840 0.544605
841 0.429726
842 0.475925
843 0.486931
844 0.429672
845 0.470963
846 0.497112
847 0.517105
848 0.480907
849 0.530293
850 0.416672
851 0.458336
852 0.515713
853 0.434235
854 0.472347
855 0.47279
856 0.453621
857 0.441139
858 0.455269
859 0.456886
860 0.436443
861 0.463535
862 0.404076
863 0.419941
864 0.424549
865 0.525425
866 0.395309
867 0.400818
868 0.393528
869 0.396389
870 0.422371
871 0.484516
872 0.402515
873 0.47942
874 0.433987
875 0.469528
876 0.421162
877 0.412548
878 0.478516
879 0.443974
880 0.430031
881 0.397095
882 0.471912
883 0.479889
884 0.420135
885 0.41074
886 0.484901
887 0.474304
888 0.457417
889 0.460735
890 0.453102
891 0.401928
892 0.478985
893 0.413803
894 0.510635
895 0.418068
896 0.467068
897 0.440002
898 0.460499
899 0.408298
900 0.494373
901 0.417042
902 0.394249
903 0.39547
904 0.461231
905 0.445
906 0.428619
907 0.421253
908 0.461464
909 0.455013
910 0.455414
911 0.469761
912 0.436375
913 0.454529
914 0.474979
915 0.452869
916 0.398445
917 0.457535
918 0.404289
919 0.405525
920 0.481098
921 0.459038
922 0.484722
923 0.436428
924 0.481304
925 0.44957
926 0.462364
927 0.419563
928 0.454182
929 0.491566
930 0.490517
931 0.453381
932 0.49297
933 0.456142
934 0.414577
935 0.438366
936 0.397167
937 0.397789
938 0.482319
939 0.43317
940 0.431377
941 0.436977
942 0.4268
943 0.443062
944 0.419292
945 0.48539
946 0.442448
947 0.440926
948 0.489681
949 0.394993
950 0.394173
951 0.395931
952 0.394596
953 0.417542
954 0.429852
955 0.432842
956 0.399536
957 0.453018
958 0.411209
959 0.447014
960 0.455215
961 0.408108
962 0.435986
963 0.47654
964 0.441628
965 0.429676
966 0.489777
967 0.422096
968 0.479809
969 0.409393
970 0.4701
971 0.45993
972 0.465813
973 0.416946
974 0.456032
975 0.460438
976 0.452744
977 0.444473
978 0.490448
979 0.405201
980 0.407841
981 0.442593
982 0.456642
983 0.462734
984 0.475029
985 0.494289
986 0.396847
987 0.416397
988 0.481831
989 0.441479
990 0.449486
991 0.499889
992 0.482357
993 0.402908
994 0.439667
995 0.457138
996 0.413441
997 0.461758
998 0.465664
999 0.433224
1000 0.485836
1001 0.462814
1002 0.459362
1003 0.468376
1004 0.466663
1005 0.489407
1006 0.406006
1007 0.421146
1008 0.412979
1009 0.452923
1010 0.433723
1011 0.484657
1012 0.421883
1013 0.442554
1014 0.46413
1015 0.475536
1016 0.403946
1017 0.407063
1018 0.470215
1019 0.418224
1020 0.411049
1021 0.460789
1022 0.408222
1023 0.397469
1024 0.461342
1025 0.418285
1026 0.500042
1027 0.446236
1028 0.457134
1029 0.446144
1030 0.46011
1031 0.46629
1032 0.405094
1033 0.395702
1034 0.3983
1035 0.468544
1036 0.439129
1037 0.400394
1038 0.404507
1039 0.45792
1040 0.472683
1041 0.462452
1042 0.445103
1043 0.397774
1044 0.480198
1045 0.4464
1046 0.454678
1047 0.428329
1048 0.470413
1049 0.49123
1050 0.485413
1051 0.49474
1052 0.491268
1053 0.476139
1054 0.425014
1055 0.498066
1056 0.450977
1057 0.445049
1058 0.470573
1059 0.450706
1060 0.497509
1061 0.457291
1062 0.492771
1063 0.471634
1064 0.456562
1065 0.400246
1066 0.459789
1067 0.455872
1068 0.422985
1069 0.447716
1070 0.451759
1071 0.485153
1072 0.427147
1073 0.429157
1074 0.478897
1075 0.452465
1076 0.454884
1077 0.461498
1078 0.494438
1079 0.460796
1080 0.454952
1081 0.466869
1082 0.471405
1083 0.484497
1084 0.482372
1085 0.45499
1086 0.492001
1087 0.438084
1088 0.424847
1089 0.406822
1090 0.467442
1091 0.484837
1092 0.481472
1093 0.457142
1094 0.457542
1095 0.435631
1096 0.46006
1097 0.451176
1098 0.492279
1099 0.49786
1100 0.439987
1101 0.455856
1102 0.493057
1103 0.479877
1104 0.460686
1105 0.455299
1106 0.438202
1107 0.475487
1108 0.460232
1109 0.428272
1110 0.460281
1111 0.484146
1112 0.452648
1113 0.449066
1114 0.409962
1115 0.41161
1116 0.456894
1117 0.412235
1118 0.401669
1119 0.398979
1120 0.39793
1121 0.489681
1122 0.478157
1123 0.401909
1124 0.455002
1125 0.397743
1126 0.508621
1127 0.40567
1128 0.423927
1129 0.444679
1130 0.423405
1131 0.483875
1132 0.462616
1133 0.45295
1134 0.48864
1135 0.433025
1136 0.498001
1137 0.454029
1138 0.453621
1139 0.495979
1140 0.413498
1141 0.419659
1142 0.446285
1143 0.399647
1144 0.46069
1145 0.490566
1146 0.470795
1147 0.469139
1148 0.431374
1149 0.475101
1150 0.42326
1151 0.464165
1152 0.4897
1153 0.4958
1154 0.438236
1155 0.433388
1156 0.483849
1157 0.442623
1158 0.455921
1159 0.402283
1160 0.45628
1161 0.419815
1162 0.467239
1163 0.414753
1164 0.495476
1165 0.449661
1166 0.470764
1167 0.465343
1168 0.416245
1169 0.434879
1170 0.467548
1171 0.403404
1172 0.454941
1173 0.466583
1174 0.470058
1175 0.484932
1176 0.45789
1177 0.430477
1178 0.455551
1179 0.457264
1180 0.433926
1181 0.471222
1182 0.471298
1183 0.457047
1184 0.44302
1185 0.460064
1186 0.419704
1187 0.450333
1188 0.484695
1189 0.467873
1190 0.428123
1191 0.470436
1192 0.416512
1193 0.484081
1194 0.483845
