2.0	204.527
4.0	233.045
6.0	215.89
8.0	228.681
10.0	221.043
12.0	236.108
14.0	235.413
16.0	214.65
18.0	258.667
20.0	224.447
22.0	233.912
24.0	253.735
26.0	234.24
28.0	238.409
30.0	229.306
32.0	244.206
34.0	239.659
36.0	218.467
38.0	258.421
40.0	230.262
42.0	229.455
44.0	262.33
46.0	215.853
48.0	217.025
50.0	244.319
52.0	230.622
54.0	215.456
56.0	220.445
58.0	225.704
60.0	213.03
62.0	206.326
64.0	232.608
66.0	217.821
68.0	205.982
70.0	233.883
72.0	246.336
74.0	211.586
76.0	203.866
78.0	245.186
80.0	198.707
82.0	221.225
84.0	212.426
86.0	231.166
88.0	200.614
90.0	203.439
92.0	231.173
94.0	198.403
96.0	205.055
98.0	241.103
100.0	195.306
102.0	200.061
104.0	224.751
106.0	230.389
108.0	206.718
110.0	196.476
112.0	234.386
114.0	201.626
116.0	211.833
118.0	189.984
120.0	243.788
122.0	198.454
124.0	203.889
126.0	188.991
128.0	169.938
130.0	239.855
132.0	232.335
134.0	196.268
136.0	181.493
138.0	198.832
140.0	213.392
142.0	214.119
144.0	188.362
146.0	192.395
148.0	230.793
150.0	225.824
152.0	164.922
154.0	222.235
156.0	190.459
158.0	213.234
160.0	230.709
162.0	187.261
164.0	198.002
166.0	197.8
168.0	197.399
170.0	200.25
172.0	178.76
174.0	146.42
176.0	172.723
178.0	250.759
180.0	228.088
182.0	185.851
184.0	182.104
186.0	193.883
188.0	189.316
190.0	169.081
192.0	244.212
194.0	184.969
196.0	176.447
198.0	170.273
200.0	154.956
202.0	180.298
204.0	256.596
206.0	160.08
208.0	185.657
210.0	230.05
212.0	172.907
214.0	191.672
216.0	180.195
218.0	171.015
220.0	239.909
222.0	174.244
224.0	181.933
226.0	182.761
228.0	174.269
230.0	177.841
232.0	225.858
234.0	163.124
236.0	174.086
238.0	145.798
240.0	236.948
242.0	179.498
244.0	124.659
246.0	169.346
248.0	242.079
250.0	158.762
252.0	193.393
254.0	161.843
256.0	129.253
258.0	254.532
260.0	188.293
262.0	210.505
264.0	174.491
266.0	179.557
268.0	159.732
270.0	202.979
272.0	163.612
274.0	160.951
276.0	230.03
278.0	180.84
280.0	222.163
282.0	122.433
284.0	162.589
286.0	208.467
288.0	226.996
290.0	138.227
292.0	166.066
294.0	165.534
296.0	157.112
298.0	226.489
300.0	168.215
302.0	161.59
304.0	199.087
306.0	199.534
308.0	174.584
310.0	161.551
312.0	152.814
314.0	159.41
316.0	203.315
318.0	226.475
320.0	107.253
322.0	161.659
324.0	151.139
326.0	217.96
328.0	182.585
330.0	155.045
332.0	158.473
334.0	168.756
336.0	202.755
338.0	159.154
340.0	172.678
342.0	162.666
344.0	189.862
346.0	221.354
348.0	165.845
350.0	125.989
352.0	146.691
354.0	156.447
356.0	145.273
358.0	150.451
360.0	250.627
362.0	224.368
364.0	155.555
366.0	150.02
368.0	170.087
370.0	203.857
372.0	160.159
374.0	155.66
376.0	131.453
378.0	144.92
380.0	197.621
382.0	157.843
384.0	157.338
386.0	150.469
388.0	138.293
390.0	153.564
392.0	233.122
394.0	139.062
396.0	105.544
398.0	147.748
400.0	154.85
402.0	234.993
404.0	196.448
406.0	145.412
408.0	139.956
410.0	139.603
412.0	174.171
414.0	156.691
416.0	136.214
418.0	146.374
420.0	158.04
422.0	207.576
424.0	166.308
426.0	159.579
428.0	102.369
430.0	220.509
432.0	142.664
434.0	224.982
436.0	158.125
438.0	153.854
440.0	143.671
442.0	133.112
444.0	241.64
446.0	172.442
448.0	98.401
450.0	137.852
452.0	140.007
454.0	195.52
456.0	237.302
458.0	138.694
460.0	122.375
462.0	150.848
464.0	147.906
466.0	158.718
468.0	170.152
470.0	191.05
472.0	99.102
474.0	116.431
476.0	159.577
478.0	156.307
480.0	123.044
482.0	134.147
484.0	234.397
486.0	232.302
488.0	95.219
490.0	130.811
492.0	136.664
494.0	202.974
496.0	156.638
498.0	154.524
500.0	171.678
502.0	153.463
504.0	136.105
506.0	169.636
508.0	137.225
510.0	133.385
512.0	154.083
514.0	137.808
516.0	133.272
518.0	200.42
520.0	229.417
522.0	148.578
524.0	137.911
526.0	156.208
528.0	185.773
530.0	147.955
532.0	96.888
534.0	165.219
536.0	133.879
538.0	192.346
540.0	161.217
542.0	150.832
544.0	140.633
546.0	111.721
548.0	146.969
550.0	116.971
552.0	130.357
554.0	167.508
556.0	238.493
558.0	125.44
560.0	138.146
562.0	152.892
564.0	146.177
566.0	144.026
568.0	193.654
570.0	122.686
572.0	184.532
574.0	144.802
576.0	153.701
578.0	140.995
580.0	137.171
582.0	223.952
584.0	126.18
586.0	131.271
588.0	115.97
590.0	162.593
592.0	150.17
594.0	137.655
596.0	134.72
598.0	145.107
600.0	131.681
602.0	131.246
604.0	231.258
606.0	134.903
608.0	154.031
610.0	163.69
612.0	164.982
614.0	163.842
616.0	135.922
618.0	153.02
620.0	136.822
622.0	129.457
624.0	147.831
626.0	151.04
628.0	162.287
630.0	178.982
632.0	146.819
634.0	139.874
636.0	164.642
638.0	190.091
640.0	137.49
642.0	154.117
644.0	136.2
646.0	127.457
648.0	136.601
650.0	183.356
652.0	126.536
654.0	190.454
656.0	142.399
658.0	128.618
660.0	178.579
662.0	164.788
664.0	138.096
666.0	83.569
668.0	171.424
670.0	117.653
672.0	122.891
674.0	137.624
676.0	226.529
678.0	127.787
680.0	125.504
682.0	126.473
684.0	228.444
686.0	122.255
688.0	126.384
690.0	134.281
692.0	120.596
694.0	123.959
696.0	236.312
698.0	115.748
700.0	165.786
702.0	120.654
704.0	130.79
706.0	148.059
708.0	176.319
710.0	150.377
712.0	123.635
714.0	124.74
716.0	229.373
718.0	123.259
720.0	157.477
722.0	112.726
724.0	120.809
726.0	129.456
728.0	166.556
730.0	152.311
732.0	144.754
734.0	130.485
736.0	159.27
738.0	154.959
740.0	170.002
742.0	127.206
744.0	136.145
746.0	227.486
748.0	127.806
750.0	123.881
752.0	107.449
754.0	101.909
756.0	148.033
758.0	153.288
760.0	175.577
762.0	117.75
764.0	125.309
766.0	173.436
768.0	173.094
770.0	133.959
772.0	100.303
774.0	147.877
776.0	159.283
778.0	167.353
780.0	129.416
782.0	134.106
784.0	116.866
786.0	170.056
788.0	124.171
790.0	167.819
792.0	125.518
794.0	173.446
796.0	127.197
798.0	130.646
800.0	145.555
802.0	140.805
804.0	110.17
806.0	151.183
808.0	219.149
810.0	128.441
812.0	127.397
814.0	213.834
816.0	121.602
818.0	87.651
820.0	106.613
822.0	233.396
824.0	131.086
826.0	129.663
828.0	90.797
830.0	134.21
832.0	128.555
834.0	129.794
836.0	125.853
838.0	149.9
840.0	120.545
842.0	200.678
844.0	119.698
846.0	108.305
848.0	140.368
850.0	178.18
852.0	119.537
854.0	146.396
856.0	132.755
858.0	118.811
860.0	128.097
862.0	152.663
864.0	164.148
866.0	112.988
868.0	187.652
870.0	124.918
872.0	125.622
874.0	149.092
876.0	115.131
878.0	117.462
880.0	173.814
882.0	164.274
884.0	121.299
886.0	231.026
888.0	163.752
890.0	127.385
892.0	126.771
894.0	145.584
896.0	104.085
898.0	134.589
900.0	123.262
902.0	116.124
904.0	117.045
906.0	158.35
908.0	79.97
910.0	151.355
912.0	185.635
914.0	112.662
916.0	118.078
918.0	162.633
920.0	159.3
922.0	109.492
924.0	131.199
926.0	164.003
928.0	119.965
930.0	108.844
932.0	128.034
934.0	123.855
936.0	172.462
938.0	119.899
940.0	137.161
942.0	233.176
944.0	142.376
946.0	115.127
948.0	117.681
950.0	136.042
952.0	104.216
954.0	120.662
956.0	162.046
958.0	180.297
960.0	111.642
962.0	115.346
964.0	178.567
966.0	121.976
968.0	126.165
970.0	123.441
972.0	118.099
974.0	145.308
976.0	173.218
978.0	113.879
980.0	126.598
982.0	129.97
984.0	128.387
986.0	164.992
988.0	127.483
990.0	144.646
992.0	120.652
994.0	119.851
996.0	128.799
998.0	167.649
1000.0	109.564
1002.0	123.278
1004.0	178.811
1006.0	99.066
1008.0	128.411
1010.0	122.283
1012.0	156.641
1014.0	114.422
1016.0	217.063
1018.0	103.483
1020.0	148.352
1022.0	122.16
1024.0	165.254
1026.0	111.074
1028.0	171.053
1030.0	181.847
1032.0	119.043
1034.0	120.587
1036.0	110.183
1038.0	163.012
1040.0	160.578
1042.0	120.946
1044.0	121.087
1046.0	111.43
1048.0	110.373
1050.0	168.88
1052.0	162.57
1054.0	119.067
1056.0	113.681
1058.0	149.589
1060.0	112.685
1062.0	170.502
1064.0	116.827
1066.0	103.761
1068.0	216.592
1070.0	108.564
1072.0	102.228
1074.0	108.083
1076.0	163.065
1078.0	180.786
1080.0	114.356
1082.0	118.345
1084.0	127.584
1086.0	102.73
1088.0	102.13
1090.0	223.579
1092.0	99.95
1094.0	126.636
1096.0	144.473
1098.0	105.83
1100.0	176.545
1102.0	113.809
1104.0	133.906
1106.0	176.235
1108.0	120.875
1110.0	124.856
1112.0	114.966
1114.0	113.403
1116.0	111.972
1118.0	132.018
1120.0	193.42
1122.0	119.117
1124.0	121.124
1126.0	120.421
1128.0	99.188
1130.0	119.817
1132.0	216.161
1134.0	114.556
1136.0	116.712
1138.0	124.556
1140.0	96.453
1142.0	110.781
1144.0	159.018
1146.0	163.529
1148.0	133.378
1150.0	116.276
1152.0	131.195
1154.0	108.017
1156.0	175.867
1158.0	108.491
1160.0	224.999
1162.0	123.193
1164.0	119.756
1166.0	115.592
1168.0	112.366
1170.0	102.824
1172.0	115.677
1174.0	131.783
1176.0	107.828
1178.0	112.488
1180.0	113.868
1182.0	99.027
1184.0	175.977
1186.0	97.37
1188.0	94.367
1190.0	233.559
1192.0	93.507
1194.0	138.221
1196.0	146.03
1198.0	132.469
