 3596
 3600
 3610
 3627
 3658
 3670
 3716
 3720
 3787
 3807
 3820
 3821
 3823
 3830
 3858
 3875
 3883
 3896
 3898
 3905
 3913
 3919
 3921
 3936
 3941
 3948
 3962
 3965
 3972
 3975
 3983
 3984
 3992
 3992
 3999
 4000
 4004
 4015
 4016
 4016
 4019
 4021
 4024
 4037
 4044
 4054
 4054
 4055
 4058
 4061
 4061
 4062
 4067
 4073
 4080
 4086
 4087
 4099
 4104
 4109
 4112
 4127
 4130
 4131
 4131
 4151
 4152
 4157
 4159
 4168
 4170
 4177
 4179
 4182
 4192
 4194
 4199
 4223
 4226
 4239
 4243
 4244
 4250
 4262
 4263
 4268
 4273
 4295
 4301
 4301
 4326
 4332
 4335
 4339
 4339
 4344
 4356
 4368
 4378
 4384
 4386
 4388
 4402
 4407
 4416
 4434
 4443
 4445
 4446
 4450
 4504
 4522
 4534
 4550
 4562
 4562
 4588
 4594
 4598
 4602
 4615
 4628
 4632
 4636
 4640
 4654
 4684
 4707
 4710
 4720
 4725
 4726
 4746
 4753
 4759
 4759
 4768
 4778
 4783
 4788
 4789
 4792
 4816
 4818
 4822
 4829
 4842
 4844
 4883
 4884
 4888
 4896
 4898
 4908
 4917
 4924
 4926
 4929
 4945
 4956
 4964
 4991
 4992
 5010
 5011
 5035
 5065
 5066
 5105
 5106
 5113
 5115
 5133
 5137
 5147
 5160
 5169
 5179
 5197
 5214
 5234
 5234
 5246
 5264
 5272
 5273
 5273
 5282
 5293
 5305
 5308
 5336
 5350
 5362
 5392
 5392
 5413
 5419
 5423
 5445
 5454
 5461
 5466
 5470
 5490
 5492
 5492
 5501
 5503
 5504
 5514
 5517
 5520
 5570
 5574
 5591
 5598
 5600
 5601
 5608
 5608
 5611
 5632
 5642
 5644
 5651
 5656
 5675
 5685
 5730
 5738
 5739
 5744
 5752
 5754
 5762
 5771
 5776
 5792
 5806
 5806
 5811
 5816
 5818
 5819
 5835
 5837
 5840
 5849
 5857
 5863
 5868
 5873
 5874
 5875
 5878
 5880
 5891
 5892
 5908
 5909
 5911
 5915
 5919
 5940
 5970
 5971
 5971
 5971
 5987
 5994
 5999
 6002
 6025
 6028
 6030
 6034
 6034
 6050
 6062
 6071
 6074
 6081
 6087
 6101
 6117
 6126
 6128
 6151
 6154
 6158
 6163
 6183
 6206
 6224
 6224
 6227
 6234
 6236
 6242
 6245
 6250
 6256
 6265
 6268
 6286
 6292
 6305
 6325
 6338
 6349
 6373
 6374
 6376
 6390
 6416
 6430
 6441
 6443
 6456
 6458
 6461
 6473
 6482
 6493
 6494
 6500
 6525
 6528
 6532
 6535
 6541
 6542
 6560
 6562
 6574
 6575
 6589
 6603
 6604
 6610
 6618
 6628
 6658
 6673
 6678
 6682
 6695
 6700
 6707
 6711
 6726
 6736
 6748
 6751
 6816
 6831
 6834
 6862
 6870
 6887
 6889
 6903
 6905
 6909
 6913
 6916
 6919
 6946
 6952
 6953
 6957
 6960
 6967
 6967
 6977
 6977
 6981
 6986
 6994
 7012
 7019
 7019
 7033
 7037
 7039
 7041
 7049
 7068
 7068
 7071
 7072
 7073
 7075
 7076
 7112
 7122
 7125
 7135
 7138
 7142
 7154
 7161
 7165
 7174
 7178
 7179
 7192
 7201
 7225
 7233
 7240
 7249
 7255
 7263
 7268
 7287
 7289
 7303
 7304
 7326
 7333
 7333
 7343
 7352
 7362
 7378
 7392
 7392
 7421
 7428
 7444
 7449
 7450
 7451
 7453
 7477
 7481
 7483
 7488
 7490
 7497
 7502
 7512
 7523
 7525
 7531
 7561
 7573
 7575
 7576
 7588
 7591
 7596
 7610
 7619
 7619
 7628
 7651
 7652
 7660
 7663
 7693
 7693
 7695
 7704
 7716
 7720
 7739
 7743
 7744
 7754
 7777
 7780
 7781
 7804
 7807
 7811
 7815
 7817
 7820
 7831
 7831
 7838
 7838
 7841
 7868
 7891
 7907
 7917
 7922
 7925
 7939
 7965
 7972
 7982
 8001
 8009
 8010
 8015
 8023
 8048
 8062
 8063
 8065
 8077
 8092
 8095
 8106
 8106
 8115
 8132
 8154
 8166
 8174
 8175
 8194
 8197
 8210
 8216
 8218
 8219
 8236
 8240
 8240
 8261
 8277
 8285
 8286
 8290
 8315
 8321
 8322
 8322
 8340
 8346
 8350
 8355
 8383
 8413
 8413
 8415
 8416
 8461
 8464
 8469
 8509
 8511
 8514
 8526
 8577
 8588
 8592
 8599
 8616
 8647
 8677
 8680
 8700
 8788
 8790
 8802
 8825
 8853
 8856
 8885
 8926
 8930
 8931
 8954
 8981
 9001
 9044
 9173
 9196
 9282
 9322
 9328
 9362
 9369
 9386
 9432
 9475
 9495
 9496
 9506
 9588
 9619
 9716
 9789
 9820
 10039
 10090
 10093
 10173
 10402
 10426
 10729
 11615
 12245
