-9.9364 100
-0.511565 100
5.06246 100
6.05861 100
7.09715 100
8.094 100
9.09383 100
10.0932 100
11.093 100
12.1475 100
13.2869 100
14.3319 100
15.328 100
16.3277 100
18.9167 100
20.1022 100
21.0986 100
22.0986 100
24.1335 100
25.1881 100
26.4215 100
27.726 100
29.0085 100
30.2843 100
31.2811 100
32.2813 100
33.4844 100
34.7232 100
35.7247 100
36.7249 100
38.9382 100
39.9366 100
40.9366 100
41.9365 100
44.3304 100
45.3284 100
46.3279 100
47.3278 100
48.7087 100
51.3631 100
52.3592 100
53.5767 100
54.5755 100
55.7967 100
56.795 100
58.6791 100
59.6789 100
60.907 100
61.9069 100
62.9069 100
63.9064 100
65.8984 100
66.9025 100
67.907 100
68.9113 100
69.9152 100
72.1494 100
73.1524 100
74.2642 100
75.2683 100
76.2726 100
78.7629 100
79.7656 100
80.7695 100
81.9565 100
82.958 100
83.9626 100
86.1571 100
87.1584 100
88.1628 100
89.2704 100
90.2707 100
91.275 100
93.5162 100
94.5193 100
95.5237 100
96.5287 100
99.7457 100
100.748 100
101.752 100
102.756 100
103.761 100
106.032 100
107.036 100
108.072 100
109.073 100
110.077 100
112.63 100
113.789 100
114.793 100
115.797 100
116.901 100
117.925 100
118.929 100
121.31 100
122.313 100
123.317 100
124.441 100
125.441 100
126.445 100
127.449 100
128.453 100
129.458 100
132.228 100
133.258 100
134.62 100
135.622 100
136.794 100
137.797 100
138.801 100
139.819 100
142.252 100
143.288 100
144.289 100
145.293 100
146.297 100
147.301 100
149.584 100
150.585 100
151.589 100
152.614 100
153.882 100
155.087 100
156.085 100
157.086 100
158.189 100
159.383 100
160.573 100
161.573 100
162.573 100
163.573 100
165.456 100
166.453 100
167.453 100
168.453 100
169.453 100
170.575 100
171.573 100
172.573 100
173.573 100
174.573 100
175.573 100
176.573 100
180.012 100
181.217 100
182.213 100
183.213 100
184.213 100
185.235 100
187.688 100
188.685 100
189.686 100
190.685 100
193.043 100
194.049 100
195.202 100
196.201 100
197.201 100
198.201 100
199.205 100
200.205 100
201.205 100
202.205 100
205.558 100
206.557 100
207.556 100
208.763 100
209.833 100
210.833 100
211.832 100
212.832 100
214.253 100
215.252 100
216.252 100
217.252 100
218.252 100
219.252 100
221.249 100
222.248 100
223.252 100
224.462 100
225.555 100
226.552 100
227.552 100
228.552 100
229.565 100
230.564 100
232.139 100
233.135 100
234.136 100
235.136 100
236.136 100
237.136 100
238.16 100
240.371 100
241.473 100
242.472 100
243.472 100
244.472 100
245.471 100
246.471 100
247.472 100
249.14 100
250.141 100
251.139 100
252.187 100
253.187 100
254.27 100
255.267 100
256.267 100
259.752 100
260.794 100
262.286 100
263.403 100
264.403 100
265.403 100
266.403 100
267.403 100
268.403 100
270.708 100
271.707 100
272.707 100
273.707 100
274.707 100
276.743 100
277.771 100
279.513 100
280.619 100
281.618 100
282.619 100
283.618 100
284.618 100
285.618 100
286.618 100
288.153 100
289.16 100
290.173 100
291.17 100
292.17 100
293.189 100
294.186 100
295.214 100
296.21 100
298.307 100
299.358 100
300.354 100
301.354 100
302.354 100
303.354 100
304.818 100
305.818 100
307.584 100
308.582 100
309.588 100
310.609 100
311.606 100
312.605 100
313.605 100
314.651 100
316.181 100
317.367 100
318.423 100
319.422 100
320.422 100
321.439 100
322.437 100
323.437 100
324.438 100
325.438 100
326.964 100
327.961 100
328.961 100
329.977 100
331.162 100
332.21 100
333.21 100
334.218 100
335.217 100
337.104 100
338.188 100
339.185 100
340.233 101
341.234 108
342.32 115
343.982 120
344.981 124
346.104 129
347.211 129
348.213 130
349.249 130
350.328 130
351.325 130
352.369 131
353.369 131
354.369 132
355.462 131
356.461 132
357.564 132
358.56 132
361.931 132
363.026 130
364.025 131
365.024 133
366.025 131
367.025 132
368.025 132
369.112 131
370.108 132
371.573 130
372.583 132
373.598 132
374.598 132
375.596 133
376.61 133
377.608 131
378.702 133
380.448 128
381.448 133
382.448 131
383.454 133
384.46 132
385.46 132
386.46 133
387.46 134
388.46 132
389.46 133
390.46 132
392.439 134
393.483 133
394.48 133
395.48 134
396.48 133
397.48 134
398.502 133
399.5 133
400.536 134
402.633 134
403.675 134
404.678 133
405.715 134
406.711 134
407.711 134
408.711 135
409.712 133
410.711 135
412.657 133
413.656 135
414.655 133
415.655 132
416.743 135
417.74 135
418.739 135
419.739 135
420.739 134
421.739 135
423.64 134
424.639 134
425.639 135
426.639 135
427.64 135
428.677 135
429.675 136
430.675 135
431.675 135
432.72 136
434.46 135
435.478 134
436.631 135
437.631 135
438.714 136
439.711 136
440.711 135
441.711 135
442.778 137
444.822 135
445.819 136
446.819 136
447.819 136
448.837 136
449.844 137
450.842 136
451.847 137
452.851 136
453.907 138
456.056 136
457.059 137
458.064 136
459.067 138
460.165 137
461.178 137
462.18 137
463.184 138
464.188 138
465.192 136
466.196 138
467.784 135
468.784 138
469.947 137
470.949 138
471.958 138
472.994 137
474.027 138
475.029 138
476.06 139
477.061 138
478.164 139
479.224 138
480.226 138
481.23 140
482.234 139
483.238 139
486.252 138
487.254 140
488.258 140
489.341 139
490.342 140
491.408 140
492.411 137
493.539 141
494.543 138
495.736 137
496.739 139
497.759 139
498.763 140
499.794 142
500.944 140
501.947 141
502.952 142
503.956 139
504.96 141
506.702 139
507.704 141
508.708 141
509.713 139
510.738 141
511.74 141
512.829 142
513.832 141
514.944 142
515.944 141
517.047 142
518.84 145
519.837 141
520.879 142
521.881 140
522.885 143
523.941 142
524.945 141
525.95 142
527.126 142
528.198 143
529.622 141
530.625 143
531.629 141
532.677 143
533.678 143
534.682 143
535.686 142
536.768 144
538.699 143
539.702 144
540.822 141
541.933 144
542.934 144
543.971 143
544.974 144
546.058 146
547.058 143
548.199 145
549.202 143
550.207 143
551.357 145
552.359 145
553.447 146
554.451 144
556.892 144
557.895 143
558.9 145
559.925 145
561.214 145
562.236 146
563.239 145
564.269 147
565.271 143
566.428 146
568.427 145
569.427 147
570.432 144
571.936 146
572.984 144
573.988 146
575.031 147
576.032 145
577.036 148
578.04 147
579.044 148
580.048 146
582.335 148
583.367 146
584.368 147
585.372 148
586.388 148
587.388 148
588.483 150
589.484 146
590.488 149
592.377 148
593.38 149
594.385 149
595.39 149
596.393 148
597.397 149
598.401 149
599.401 151
600.405 148
601.409 151
602.413 148
603.417 150
604.421 151
605.454 150
606.48 148
607.662 150
608.665 148
609.669 152
610.673 152
611.677 150
612.731 152
613.733 150
614.737 153
615.741 150
616.745 151
617.749 146
618.809 151
619.809 152
620.813 153
621.817 152
622.821 153
623.826 151
624.829 152
625.833 154
626.838 151
627.841 154
629.119 154
630.203 150
631.319 153
632.322 153
633.326 155
634.33 154
635.334 153
636.398 155
637.398 152
638.402 156
639.406 153
640.41 157
641.42 152
642.422 154
643.426 155
644.43 156
645.434 155
646.438 156
647.442 155
648.446 156
650.083 157
651.086 153
652.09 158
653.094 154
654.099 156
655.114 155
656.115 155
657.118 157
658.156 156
659.158 155
660.254 157
661.254 154
662.258 157
663.262 154
664.266 158
665.307 154
666.405 157
667.406 155
668.41 158
669.414 157
670.418 159
671.422 157
672.426 157
673.431 158
674.435 156
676.383 159
677.419 157
678.423 158
679.427 159
680.431 156
681.435 159
682.439 156
683.443 159
684.537 159
685.539 156
686.543 159
687.547 158
688.551 157
689.555 159
690.559 158
691.607 159
692.611 158
693.615 160
694.619 158
695.623 160
697.298 158
698.299 157
699.303 158
700.307 160
701.311 157
702.315 160
703.32 158
704.323 159
705.344 159
706.347 159
708.122 160
709.123 157
710.127 158
711.131 161
712.135 158
713.139 158
714.161 159
715.163 158
716.535 161
717.535 159
718.539 161
719.586 161
720.587 159
721.591 159
722.595 160
723.599 161
724.603 158
725.607 162
726.612 159
727.615 158
728.623 162
729.627 159
730.799 158
731.871 162
732.871 160
733.926 159
734.927 161
735.931 161
736.936 153
737.939 161
738.943 162
739.947 160
740.951 162
742.134 159
743.135 165
744.232 161
745.355 162
746.466 162
747.467 160
748.471 162
749.476 162
750.479 161
751.483 162
752.487 160
753.491 162
754.495 161
755.5 162
756.549 163
757.839 161
758.907 163
759.951 161
760.951 164
761.955 162
762.959 163
763.964 162
764.967 163
765.972 164
766.975 162
767.979 164
769.094 160
770.095 163
771.1 162
772.199 163
773.199 163
774.329 165
775.332 160
776.336 164
777.34 162
779.055 165
780.056 164
781.06 163
782.113 162
783.116 162
784.215 162
785.216 164
786.22 165
787.224 162
788.228 166
789.249 162
790.252 164
791.314 164
792.316 165
793.32 164
794.351 165
795.383 161
796.384 164
797.42 166
798.42 164
799.424 165
800.428 166
801.432 165
802.436 163
803.578 166
804.58 164
805.651 166
807.282 163
808.284 166
809.325 164
810.385 163
811.388 164
812.392 165
813.396 167
814.4 165
815.421 147
816.424 164
817.428 165
818.508 167
819.512 164
820.516 165
821.52 167
822.629 165
823.633 148
824.636 165
825.64 164
826.644 167
827.758 166
828.772 161
829.848 167
830.848 165
831.852 166
832.856 166
833.909 168
834.912 165
835.986 167
836.988 165
837.992 168
838.996 165
840 167
841.004 167
842.008 162
843.279 168
844.28 167
845.284 167
846.314 167
847.316 165
848.399 167
849.4 167
850.404 169
851.408 166
852.412 169
853.416 166
854.42 167
855.865 168
856.868 166
857.872 169
858.885 166
859.888 167
860.945 168
861.948 167
863.105 169
864.108 166
865.112 169
866.112 167
867.116 167
868.314 169
869.316 167
870.316 170
871.334 168
872.336 167
873.336 169
874.389 167
875.388 170
876.392 167
877.392 166
878.414 168
879.416 167
880.555 169
881.61 159
882.612 167
883.642 168
884.64 166
885.725 169
886.796 168
887.796 169
888.796 169
889.796 171
890.796 166
891.796 171
892.796 168
893.796 165
894.796 169
895.796 168
896.796 168
897.796 172
898.796 169
899.796 171
900.796 169
901.796 172
902.796 169
903.796 171
904.809 168
905.808 168
906.86 171
907.86 169
908.86 167
909.86 173
910.86 171
912.688 169
913.688 170
914.688 170
915.697 158
916.696 170
917.696 171
918.777 172
919.776 169
920.776 171
921.776 171
922.776 170
923.804 170
925.075 166
926.173 171
927.172 169
928.172 172
929.172 170
930.172 175
931.172 171
932.172 173
933.18 171
934.18 172
935.277 172
936.276 167
937.697 171
938.696 170
939.732 177
940.732 170
941.787 173
942.785 171
943.784 169
944.784 171
945.784 173
946.784 168
947.784 170
948.785 172
949.784 169
950.784 171
951.784 170
952.784 169
953.784 171
954.784 171
955.784 173
956.806 173
957.804 168
958.804 173
959.804 169
960.804 175
961.844 172
962.844 170
963.992 173
964.996 167
966.005 172
967.008 170
968.019 171
969.02 172
970.024 170
971.028 171
972.089 174
973.095 169
974.096 173
975.1 169
976.104 173
977.108 172
978.112 169
979.13 172
980.132 171
981.136 171
982.14 174
983.144 172
984.148 171
985.153 173
986.156 170
987.16 173
988.164 172
989.169 171
990.172 174
991.176 170
992.181 171
993.218 172
994.221 173
995.225 172
996.228 174
997.239 173
998.241 174
999.248 173
1000.25 171
1001.25 170
1002.49 174
1003.49 170
1004.49 174
1005.5 171
1006.5 175
1007.5 174
1008.5 173
1009.51 172
1010.52 174
1011.54 175
1012.54 168
1013.54 175
1014.55 172
1015.57 184
1017.09 175
1018.1 171
1019.14 100
1020.14 175
1021.15 172
1022.15 168
1023.26 175
1024.27 169
1025.54 175
1026.54 174
1027.55 177
1028.64 175
1029.64 172
1030.64 176
1031.65 172
1032.65 174
1033.65 175
1034.66 173
1035.66 175
1036.67 173
1037.67 173
1038.74 175
1039.74 171
1040.75 176
1041.75 171
1043.1 176
1044.1 175
1045.1 175
1046.11 172
1047.11 178
1048.12 175
1049.13 172
1050.13 175
1051.15 176
1052.15 172
1053.16 176
1054.16 173
1055.17 181
1056.17 176
1057.17 174
1058.18 176
1059.18 172
1060.19 175
1061.19 172
1062.19 174
1063.2 176
1064.2 169
1065.21 175
1066.33 176
1067.33 170
1068.85 176
1069.85 174
1070.85 177
1071.86 175
1072.86 174
1073.98 176
1074.99 173
1075.99 176
1077.2 176
1078.2 173
1079.21 176
1080.21 174
1081.21 176
1082.22 175
1083.22 174
1084.23 176
1085.23 177
1086.23 174
1087.25 164
1088.32 177
1089.32 172
1090.85 177
1091.85 174
1092.86 100
1093.86 175
1095.17 174
1096.17 177
1097.18 174
1098.18 100
1099.22 177
1100.23 174
1101.23 177
1102.62 175
1103.62 175
1104.63 177
1105.63 174
1106.63 178
1107.76 176
1108.76 172
1109.76 176
1110.77 175
1111.77 177
1112.77 178
1113.78 176
1114.78 175
1115.79 178
1116.79 174
1117.8 180
1118.84 175
1120.2 177
1121.21 177
1122.21 174
1123.22 175
1124.22 176
1125.37 179
1126.37 176
1127.38 179
1128.38 176
1129.4 179
1130.4 176
1131.4 174
1132.8 177
1133.81 174
1134.83 179
1135.86 174
1136.87 174
1137.87 177
1138.88 179
1139.89 179
1140.9 176
1141.9 178
1142.9 175
1143.91 100
1144.91 176
1146.1 173
1147.1 176
1148.11 177
1149.11 175
1150.14 177
1151.14 177
1152.14 179
1153.15 177
1154.17 100
1155.17 178
1156.18 174
1157.18 178
1158.33 174
1159.37 100
1160.37 178
1161.54 174
1162.63 178
1163.64 177
1164.64 176
1165.64 177
1166.65 177
1167.65 180
1168.66 176
1169.66 179
1170.66 177
1171.76 177
1172.76 177
1173.77 174
1174.77 178
1175.78 179
1176.78 177
1177.78 177
1178.79 177
1179.79 176
1180.8 177
1181.8 180
1182.86 179
1183.86 177
1184.86 179
1185.87 177
1186.92 100
1187.92 179
1188.93 177
1189.93 179
1191.26 180
1192.26 176
1193.37 100
1194.37 179
1195.37 177
1196.42 100
1197.42 178
1198.44 177
1199.45 179
1200.45 174
1201.53 1507
