# timestamp	GC Total Latency (msec)		CP	Meta	Filemap	Cache	Read	Write\n
1208.43 25072 6265 1185 8134 5938 961 2589
1209.52 25082 6268 1185 8136 5938 962 2593
1210.8 25093 6267 1187 8137 5943 963 2596
1211.94 25103 6270 1187 8139 5947 965 2595
1213.16 25115 6272 1189 8140 5951 967 2596
1214.35 25123 6275 1190 8147 5949 966 2596
1215.49 25139 6278 1190 8149 5956 967 2599
1216.53 25146 6280 1189 8150 5957 968 2602
1217.62 25160 6284 1188 8156 5960 968 2604
1218.77 25179 6289 1187 8163 5963 972 2605
1219.78 25192 6290 1189 8168 5968 972 2605
1220.89 25197 6293 1190 8172 5966 971 2605
1221.97 25212 6296 1191 8177 5971 971 2606
1223.06 25224 6298 1190 8182 5973 973 2608
1224.19 25239 6303 1191 8185 5977 975 2608
1225.4 25246 6304 1190 8188 5980 975 2609
1226.52 25261 6307 1190 8193 5984 977 2610
1227.57 25276 6310 1191 8196 5992 978 2609
1228.63 25285 6311 1190 8202 5992 978 2612
1229.74 25303 6312 1189 8208 5999 981 2614
1230.75 25313 6316 1189 8208 6003 982 2615
1231.81 25324 6318 1191 8213 6004 984 2614
1232.83 25332 6321 1191 8215 6005 985 2615
1233.96 25342 6323 1190 8218 6008 987 2616
1235.07 25354 6326 1190 8221 6011 987 2619
1236.12 25361 6325 1189 8227 6011 988 2621
1237.38 25374 6325 1190 8232 6017 988 2622
1238.5 25384 6327 1192 8237 6016 990 2622
1239.78 25394 6330 1193 8239 6016 992 2624
1241 25402 6334 1195 8244 6015 991 2623
1242.08 25409 6337 1195 8243 6017 995 2622
1243.18 25423 6338 1196 8247 6021 996 2625
1244.34 25430 6337 1197 8245 6024 999 2628
1245.48 25437 6339 1197 8247 6024 999 2631
1246.49 25441 6343 1195 8245 6028 999 2631
1247.49 25455 6346 1198 8249 6032 1000 2630
1248.8 25465 6347 1198 8253 6037 1000 2630
1249.93 25480 6350 1199 8257 6040 1002 2632
1251.1 25493 6353 1199 8258 6044 1004 2635
1252.4 25499 6354 1199 8262 6041 1004 2639
1253.51 25508 6357 1198 8265 6044 1005 2639
1254.51 25521 6362 1200 8268 6046 1006 2639
1255.68 25534 6365 1200 8272 6049 1008 2640
1256.7 25548 6370 1201 8275 6053 1009 2640
1257.72 25553 6372 1202 8276 6053 1009 2641
1258.74 25558 6371 1202 8280 6055 1009 2641
1259.94 25571 6376 1202 8283 6057 1011 2642
1260.97 25591 6377 1203 8290 6067 1013 2641
1262.11 25589 6377 1203 8288 6067 1012 2642
1263.2 25606 6379 1204 8290 6074 1015 2644
1264.22 25621 6383 1205 8293 6078 1016 2646
1265.31 25632 6386 1205 8299 6078 1016 2648
1266.32 25646 6389 1204 8299 6087 1018 2649
1267.49 25658 6394 1205 8306 6086 1019 2648
1268.53 25668 6395 1205 8310 6092 1019 2647
1269.58 25682 6397 1207 8316 6094 1021 2647
1270.74 25697 6401 1208 8318 6098 1023 2649
1271.84 25709 6402 1207 8321 6104 1024 2651
1273.06 25719 6405 1207 8324 6107 1025 2651
1274.2 25736 6407 1208 8327 6114 1029 2651
1275.22 25744 6408 1207 8330 6117 1029 2653
1276.35 25756 6409 1208 8333 6124 1028 2654
1277.4 25759 6410 1207 8336 6123 1029 2654
1278.48 25766 6413 1205 8339 6124 1030 2655
1279.67 25784 6414 1206 8347 6129 1030 2658
1280.87 25788 6418 1207 8348 6125 1030 2660
1281.98 25803 6421 1207 8350 6130 1033 2662
1283.12 25807 6424 1207 8349 6129 1034 2664
1284.16 25817 6427 1207 8354 6131 1035 2663
1285.16 25823 6427 1208 8355 6134 1035 2664
1286.25 25833 6427 1208 8359 6140 1035 2664
1287.4 25843 6429 1208 8363 6139 1038 2666
1288.5 25853 6433 1208 8366 6142 1039 2665
1289.55 25863 6435 1208 8373 6140 1039 2668
1290.7 25878 6438 1209 8376 6145 1041 2669
1291.77 25887 6440 1209 8380 6147 1041 2670
1292.79 25892 6439 1212 8380 6149 1042 2670
1293.96 25901 6441 1211 8382 6150 1044 2673
1295.07 25902 6442 1210 8384 6149 1043 2674
1296.09 25918 6446 1211 8388 6152 1046 2675
1297.27 25923 6448 1212 8389 6151 1047 2676
1298.31 25937 6452 1212 8392 6156 1049 2676
1299.34 25948 6454 1213 8395 6160 1050 2676
1300.56 25955 6456 1213 8395 6163 1050 2678
1301.63 25969 6460 1212 8399 6168 1051 2679
1302.68 25989 6461 1214 8405 6174 1054 2681
1303.7 25999 6465 1213 8407 6175 1055 2684
1304.85 26010 6467 1214 8410 6179 1055 2685
1305.98 26024 6471 1215 8411 6186 1056 2685
1307.05 26039 6478 1216 8415 6189 1056 2685
1308.1 26045 6482 1218 8415 6188 1057 2685
1309.31 26056 6482 1218 8422 6189 1059 2686
1310.38 26065 6484 1218 8425 6192 1059 2687
1311.56 26074 6485 1217 8427 6197 1060 2688
1312.64 26094 6489 1218 8432 6203 1062 2690
1313.67 26098 6491 1219 8433 6200 1061 2694
1314.68 26107 6494 1219 8434 6204 1063 2693
1315.72 26109 6493 1219 8434 6206 1064 2693
1316.91 26120 6495 1219 8438 6210 1064 2694
1318.01 26131 6498 1220 8441 6211 1066 2695
1319.13 26140 6498 1220 8446 6213 1067 2696
1320.14 26140 6499 1219 8448 6212 1067 2695
1321.27 26151 6501 1220 8449 6216 1068 2697
1322.32 26163 6504 1220 8453 6219 1069 2698
1323.51 26164 6504 1220 8456 6218 1068 2698
1324.71 26174 6505 1221 8458 6219 1070 2701
1325.81 26178 6506 1222 8461 6220 1069 2700
1326.93 26188 6507 1222 8464 6224 1070 2701
1328.07 26199 6509 1224 8466 6226 1071 2703
1329.3 26203 6511 1223 8469 6227 1071 2702
1330.39 26212 6514 1223 8471 6229 1072 2703
1331.57 26224 6515 1225 8474 6234 1073 2703
1332.59 26237 6519 1227 8477 6238 1073 2703
1333.79 26253 6522 1227 8481 6244 1074 2705
1334.84 26261 6524 1227 8482 6249 1075 2704
1335.85 26268 6526 1229 8483 6248 1077 2705
1337.01 26281 6527 1229 8485 6256 1079 2705
1338.11 26284 6529 1228 8489 6253 1078 2707
1339.31 26295 6531 1229 8493 6256 1080 2706
1340.42 26301 6532 1230 8496 6256 1079 2708
1341.58 26308 6533 1230 8496 6259 1080 2710
1342.66 26320 6536 1230 8496 6267 1080 2711
1343.72 26338 6543 1231 8498 6271 1083 2712
1344.89 26345 6543 1229 8502 6274 1084 2713
1345.92 26352 6546 1230 8502 6277 1084 2713
1346.96 26366 6547 1230 8508 6282 1086 2713
1348.01 26373 6547 1230 8512 6284 1086 2714
1349.22 26389 6549 1230 8515 6291 1089 2715
1350.26 26393 6549 1230 8518 6291 1088 2717
1351.29 26399 6550 1232 8519 6291 1090 2717
1352.32 26409 6551 1233 8524 6293 1090 2718
1353.32 26412 6552 1234 8524 6294 1090 2718
1354.57 26429 6556 1234 8525 6302 1093 2719
1355.62 26429 6557 1232 8526 6303 1093 2718
1356.65 26433 6558 1232 8529 6302 1092 2720
1357.75 26444 6559 1233 8534 6303 1095 2720
1358.79 26450 6560 1235 8536 6304 1094 2721
1359.94 26461 6563 1236 8538 6307 1095 2722
1360.97 26465 6564 1236 8540 6306 1097 2722
1362.04 26466 6564 1236 8541 6305 1097 2723
1363.1 26473 6566 1237 8544 6304 1098 2724
1364.36 26484 6567 1238 8546 6306 1100 2727
1365.6 26489 6568 1239 8548 6305 1101 2728
1366.63 26491 6570 1239 8549 6303 1101 2729
1367.85 26500 6575 1239 8551 6304 1101 2730
1368.95 26507 6576 1240 8555 6304 1102 2730
1370.07 26516 6578 1240 8557 6308 1102 2731
1371.13 26518 6581 1241 8556 6307 1100 2733
1372.15 26529 6582 1241 8560 6310 1103 2733
1373.2 26535 6584 1241 8561 6310 1103 2736
1374.26 26546 6585 1243 8560 6316 1105 2737
1375.27 26555 6585 1243 8565 6321 1104 2737
1376.38 26561 6588 1242 8564 6322 1106 2739
1377.47 26572 6590 1242 8567 6328 1106 2739
1378.5 26581 6591 1244 8571 6329 1107 2739
1379.62 26589 6594 1244 8573 6331 1107 2740
1380.73 26602 6596 1246 8579 6334 1108 2739
1382 26606 6595 1246 8581 6337 1108 2739
1383.18 26613 6595 1247 8582 6339 1110 2740
1384.23 26617 6594 1247 8581 6342 1113 2740
1385.26 26631 6595 1248 8587 6344 1115 2742
1386.29 26639 6597 1248 8589 6346 1116 2743
1387.51 26647 6599 1248 8590 6350 1117 2743
1388.56 26653 6601 1248 8591 6353 1117 2743
1389.64 26662 6602 1249 8593 6357 1118 2743
1390.76 26668 6602 1248 8597 6360 1118 2743
1391.82 26681 6605 1249 8600 6361 1118 2748
1393.04 26686 6606 1249 8602 6362 1119 2748
1394.1 26696 6609 1248 8604 6366 1120 2749
1395.13 26702 6609 1248 8607 6368 1120 2750
1396.18 26709 6612 1250 8609 6367 1121 2750
1397.22 26713 6616 1250 8611 6366 1121 2749
1398.32 26722 6619 1250 8616 6368 1121 2748
1399.38 26733 6622 1250 8618 6370 1123 2750
1400.55 26739 6621 1251 8620 6372 1123 2752
1401.63 26746 6625 1252 8620 6372 1123 2754
1402.72 26756 6629 1252 8623 6375 1123 2754
1403.85 26761 6630 1253 8625 6377 1123 2753
1404.91 26772 6631 1255 8627 6382 1123 2754
1405.97 26773 6630 1254 8629 6382 1123 2755
1407.03 26779 6631 1254 8627 6388 1125 2754
1408.04 26787 6633 1256 8629 6388 1128 2753
1409.07 26790 6635 1255 8631 6388 1128 2753
1410.15 26792 6636 1255 8632 6387 1128 2754
1411.22 26795 6638 1255 8634 6385 1129 2754
1412.46 26807 6640 1256 8640 6387 1131 2753
1413.73 26813 6641 1256 8643 6390 1130 2753
1414.83 26820 6643 1257 8642 6393 1132 2753
1415.84 26825 6644 1256 8643 6395 1133 2754
1416.93 26829 6646 1257 8645 6393 1133 2755
1417.96 26831 6649 1258 8644 6391 1134 2755
1419.04 26842 6650 1258 8650 6392 1135 2757
1420.18 26852 6651 1259 8655 6396 1135 2756
1421.29 26855 6652 1261 8654 6395 1135 2758
1422.58 26868 6656 1261 8658 6398 1137 2758
1423.71 26873 6658 1261 8660 6401 1136 2757
1424.76 26880 6659 1260 8667 6401 1136 2757
1425.93 26890 6660 1260 8669 6406 1137 2758
1426.94 26893 6660 1259 8673 6404 1139 2758
1428 26906 6662 1260 8679 6409 1138 2758
1429.05 26907 6665 1260 8680 6406 1138 2758
1430.26 26916 6665 1259 8683 6411 1140 2758
1431.43 26926 6665 1259 8687 6417 1140 2758
1432.44 26935 6667 1259 8687 6422 1142 2758
1433.48 26939 6668 1259 8688 6423 1142 2759
1434.62 26947 6669 1259 8689 6426 1145 2759
1435.67 26949 6671 1259 8690 6425 1145 2759
1436.79 26961 6672 1259 8696 6431 1145 2758
1437.93 26969 6674 1260 8696 6433 1145 2761
1439.1 26977 6677 1260 8696 6436 1144 2764
1440.19 26979 6676 1260 8698 6434 1145 2766
1441.36 26985 6677 1260 8700 6434 1145 2769
1442.49 26990 6678 1260 8703 6434 1146 2769
1443.55 26999 6680 1259 8704 6439 1147 2770
1444.59 27003 6679 1260 8705 6440 1147 2772
1445.6 27007 6680 1261 8708 6438 1147 2773
1446.82 27015 6677 1261 8710 6444 1147 2776
1447.87 27019 6678 1261 8711 6445 1149 2775
1448.88 27028 6681 1261 8713 6449 1149 2775
1449.91 27030 6681 1262 8715 6449 1149 2774
1450.98 27032 6682 1261 8717 6450 1149 2773
1452.27 27044 6683 1262 8720 6454 1150 2775
1453.34 27049 6686 1263 8723 6452 1150 2775
1454.48 27058 6687 1263 8724 6457 1152 2775
1455.55 27063 6688 1262 8725 6460 1152 2776
1456.61 27067 6687 1263 8726 6463 1152 2776
1457.77 27074 6690 1262 8729 6465 1153 2775
1458.92 27085 6693 1262 8731 6470 1154 2775
1460.04 27087 6692 1261 8733 6470 1155 2776
1461.06 27090 6691 1262 8735 6470 1156 2776
1462.13 27098 6691 1262 8739 6472 1157 2777
1463.23 27103 6694 1262 8741 6472 1157 2777
1464.41 27107 6696 1263 8742 6472 1157 2777
1465.49 27115 6699 1263 8744 6474 1158 2777
1466.54 27121 6700 1263 8746 6476 1158 2778
1467.68 27129 6699 1262 8752 6480 1159 2777
1468.69 27137 6701 1262 8751 6486 1159 2778
1469.81 27141 6702 1264 8755 6484 1158 2778
1470.88 27145 6704 1264 8758 6482 1159 2778
1471.92 27149 6704 1264 8760 6482 1160 2779
1473.01 27154 6707 1264 8761 6482 1160 2780
1474.03 27161 6710 1265 8761 6484 1159 2782
1475.26 27168 6713 1265 8766 6484 1159 2781
1476.45 27181 6716 1265 8773 6487 1159 2781
1477.7 27185 6720 1264 8773 6487 1159 2782
1478.86 27194 6720 1264 8774 6490 1161 2785
1479.96 27197 6721 1264 8775 6491 1161 2785
1481.11 27203 6724 1264 8778 6490 1161 2786
1482.19 27207 6725 1265 8783 6488 1160 2786
1483.24 27211 6727 1265 8781 6489 1162 2787
1484.45 27219 6730 1266 8785 6489 1163 2786
1485.58 27228 6732 1267 8788 6491 1163 2787
1486.61 27230 6735 1266 8789 6490 1163 2787
1487.67 27237 6735 1268 8793 6490 1164 2787
1488.83 27247 6736 1268 8795 6494 1164 2790
1490.04 27249 6735 1269 8801 6492 1163 2789
1491.11 27251 6736 1269 8803 6491 1162 2790
1492.18 27254 6737 1269 8804 6492 1161 2791
1493.27 27256 6737 1270 8807 6490 1161 2791
1494.27 27267 6741 1271 8809 6494 1161 2791
1495.45 27262 6739 1270 8811 6490 1161 2791
1496.51 27267 6740 1270 8816 6489 1161 2791
1497.6 27271 6742 1272 8815 6489 1161 2792
1498.65 27276 6744 1272 8816 6490 1161 2793
1499.75 27280 6744 1273 8816 6492 1163 2792
1500.87 27293 6748 1272 8820 6495 1164 2794
1501.98 27300 6747 1272 8821 6497 1167 2796
1503.1 27310 6749 1273 8824 6501 1167 2796
1504.25 27317 6750 1274 8826 6502 1168 2797
1505.26 27322 6752 1274 8828 6501 1169 2798
1506.41 27324 6753 1274 8832 6498 1168 2799
1507.47 27330 6757 1273 8836 6497 1168 2799
1508.58 27333 6757 1273 8840 6495 1168 2800
1509.76 27344 6758 1275 8841 6500 1171 2799
1510.89 27348 6761 1276 8841 6501 1171 2798
1511.95 27358 6765 1276 8844 6502 1172 2799
1513.09 27362 6768 1276 8846 6500 1172 2800
1514.11 27367 6769 1275 8847 6504 1173 2799
1515.23 27376 6771 1277 8850 6506 1174 2798
1516.34 27380 6770 1278 8853 6507 1174 2798
1517.46 27386 6772 1277 8857 6508 1175 2797
1518.48 27392 6773 1277 8859 6507 1176 2800
1519.67 27398 6773 1278 8860 6509 1177 2801
1520.72 27405 6774 1280 8864 6510 1177 2800
1521.9 27415 6776 1281 8865 6515 1178 2800
1522.91 27423 6776 1280 8867 6516 1179 2805
1524.01 27424 6778 1281 8867 6514 1178 2806
1525.02 27426 6779 1282 8867 6512 1179 2807
1526.06 27433 6780 1282 8868 6516 1179 2808
1527.09 27436 6783 1283 8869 6516 1177 2808
1528.1 27442 6786 1283 8871 6515 1178 2809
1529.16 27445 6786 1283 8871 6517 1178 2810
1530.17 27448 6788 1283 8875 6516 1177 2809
1531.17 27458 6789 1285 8878 6517 1180 2809
1532.21 27459 6789 1284 8878 6516 1181 2811
1533.23 27462 6791 1282 8878 6517 1182 2812
1534.32 27467 6791 1283 8881 6518 1182 2812
1535.45 27476 6791 1282 8882 6523 1184 2814
1536.65 27480 6793 1282 8887 6520 1184 2814
1537.75 27480 6793 1283 8884 6521 1183 2816
1538.84 27490 6792 1283 8884 6528 1184 2819
1539.85 27493 6794 1282 8886 6528 1184 2819
1540.9 27497 6795 1282 8889 6529 1183 2819
1542 27505 6795 1283 8894 6531 1183 2819
1543.12 27509 6793 1284 8897 6532 1183 2820
1544.17 27508 6794 1284 8897 6532 1182 2819
1545.27 27509 6793 1284 8899 6532 1183 2818
1546.31 27516 6796 1284 8900 6534 1183 2819
1547.41 27526 6797 1285 8900 6539 1185 2820
1548.52 27527 6799 1284 8901 6538 1184 2821
1549.62 27539 6800 1286 8902 6541 1186 2824
1550.72 27541 6801 1286 8903 6542 1186 2823
1551.79 27549 6802 1287 8905 6545 1186 2824
1552.95 27553 6805 1289 8906 6544 1187 2822
1553.95 27561 6806 1289 8911 6545 1187 2823
1555.17 27569 6808 1289 8914 6547 1188 2823
1556.25 27580 6810 1289 8920 6551 1188 2822
1557.25 27583 6811 1289 8920 6551 1188 2824
1558.34 27591 6811 1289 8920 6557 1190 2824
1559.56 27595 6811 1288 8924 6558 1190 2824
1560.78 27602 6813 1290 8926 6557 1192 2824
1561.91 27606 6817 1290 8926 6557 1192 2824
1563.03 27619 6818 1291 8930 6560 1193 2827
1564.16 27617 6819 1291 8929 6558 1192 2828
1565.36 27621 6821 1291 8933 6559 1192 2825
1566.5 27627 6821 1291 8934 6560 1194 2827
1567.56 27632 6822 1291 8934 6563 1194 2828
1568.6 27633 6822 1292 8933 6563 1194 2829
1569.81 27644 6823 1293 8938 6567 1194 2829
1570.81 27649 6825 1293 8941 6565 1194 2831
1571.97 27653 6825 1293 8943 6566 1194 2832
1573.16 27654 6827 1293 8943 6564 1195 2832
1574.2 27661 6829 1292 8946 6566 1195 2833
1575.29 27670 6830 1293 8949 6567 1196 2835
1576.29 27674 6830 1296 8948 6569 1197 2834
1577.35 27675 6831 1294 8954 6565 1196 2835
1578.5 27678 6834 1293 8956 6563 1196 2836
1579.52 27683 6835 1294 8956 6565 1196 2837
1580.64 27694 6836 1294 8961 6568 1197 2838
1581.68 27694 6836 1294 8961 6568 1198 2837
1582.69 27698 6838 1295 8962 6567 1198 2838
1583.85 27701 6840 1295 8963 6566 1198 2839
1585.01 27706 6840 1295 8968 6565 1198 2840
1586.06 27708 6843 1295 8968 6563 1198 2841
1587.13 27712 6845 1296 8966 6566 1198 2841
1588.36 27721 6845 1296 8969 6570 1200 2841
1589.39 27729 6847 1297 8970 6572 1200 2843
1590.61 27737 6848 1297 8973 6573 1202 2844
1591.66 27739 6849 1296 8976 6570 1202 2846
1592.68 27743 6850 1296 8979 6571 1202 2845
1593.74 27743 6850 1298 8979 6568 1202 2846
1594.86 27747 6852 1297 8982 6569 1202 2845
1596.03 27752 6853 1296 8984 6570 1202 2847
1597.16 27763 6855 1297 8987 6571 1204 2849
1598.32 27765 6856 1297 8988 6573 1203 2848
1599.41 27776 6859 1299 8992 6575 1203 2848
1600.53 27781 6862 1299 8995 6574 1204 2847
1601.55 27792 6865 1299 8997 6580 1205 2846
1602.63 27796 6868 1298 8998 6580 1205 2847
1603.79 27803 6870 1299 8998 6581 1206 2849
1604.92 27813 6874 1299 9003 6582 1206 2849
1606.1 27813 6876 1298 9005 6580 1205 2849
1607.19 27820 6878 1299 9007 6581 1206 2849
1608.22 27825 6879 1299 9009 6582 1206 2850
1609.24 27827 6880 1299 9009 6582 1206 2851
1610.46 27832 6883 1300 9009 6582 1206 2852
1611.59 27842 6886 1300 9011 6584 1207 2854
1612.59 27848 6887 1302 9013 6586 1205 2855
1613.66 27854 6888 1302 9016 6588 1206 2854
1614.82 27858 6888 1301 9018 6589 1208 2854
1616.03 27861 6890 1301 9018 6591 1208 2853
1617.18 27866 6892 1302 9019 6592 1207 2854
1618.22 27877 6894 1302 9021 6596 1209 2855
1619.28 27882 6895 1303 9023 6597 1208 2856
1620.5 27887 6896 1303 9026 6597 1208 2857
1621.71 27894 6897 1303 9028 6598 1209 2859
1622.71 27896 6897 1302 9031 6598 1210 2858
1623.72 27900 6898 1303 9031 6598 1211 2859
1624.8 27904 6900 1302 9034 6599 1210 2859
1625.98 27907 6902 1301 9036 6597 1211 2860
1627.11 27912 6904 1302 9037 6597 1211 2861
1628.15 27918 6906 1302 9039 6597 1211 2863
1629.18 27921 6905 1303 9041 6598 1211 2863
1630.34 27933 6907 1302 9047 6601 1213 2863
1631.46 27931 6908 1302 9044 6599 1213 2865
1632.54 27936 6907 1303 9043 6606 1214 2863
1633.63 27945 6909 1303 9047 6608 1214 2864
1634.71 27950 6910 1304 9047 6609 1216 2864
1635.84 27952 6913 1304 9049 6607 1215 2864
1637.03 27961 6916 1304 9053 6607 1217 2864
1638.06 27962 6917 1303 9054 6607 1217 2864
1639.28 27969 6919 1303 9057 6609 1217 2864
1640.38 27974 6920 1304 9061 6608 1216 2865
1641.57 27984 6920 1305 9062 6614 1217 2866
1642.72 27988 6921 1306 9062 6615 1218 2866
1643.9 27997 6923 1306 9067 6615 1218 2868
1645.02 28001 6926 1305 9067 6615 1219 2869
1646.05 28009 6925 1306 9071 6617 1220 2870
1647.21 28018 6928 1304 9077 6617 1221 2871
1648.21 28025 6931 1306 9077 6619 1222 2870
1649.25 28029 6931 1306 9079 6621 1223 2869
1650.35 28036 6933 1306 9082 6622 1223 2870
1651.5 28040 6933 1309 9081 6623 1223 2871
1652.57 28043 6936 1307 9083 6623 1223 2871
1653.58 28043 6937 1308 9084 6622 1222 2870
1654.59 28051 6938 1309 9085 6625 1223 2871
1655.77 28054 6940 1309 9088 6623 1223 2871
1656.8 28060 6939 1309 9093 6624 1223 2872
1658.04 28067 6940 1308 9094 6627 1224 2874
1659.23 28071 6942 1308 9094 6628 1224 2875
1660.35 28078 6943 1309 9095 6630 1224 2877
1661.43 28079 6943 1310 9096 6630 1224 2876
1662.43 28086 6947 1310 9098 6630 1225 2876
1663.54 28094 6946 1310 9101 6633 1225 2879
1664.7 28092 6946 1311 9100 6633 1225 2877
1665.92 28095 6946 1310 9102 6633 1226 2878
1666.96 28107 6949 1310 9103 6638 1228 2879
1668.03 28109 6950 1311 9103 6638 1227 2880
1669.18 28120 6951 1309 9106 6646 1229 2879
1670.33 28122 6953 1310 9103 6646 1229 2881
1671.48 28129 6955 1310 9108 6647 1230 2879
1672.51 28132 6956 1310 9108 6648 1230 2880
1673.59 28137 6956 1311 9110 6648 1230 2882
1674.76 28143 6957 1312 9114 6647 1231 2882
1675.86 28152 6962 1312 9116 6649 1230 2883
1676.87 28157 6965 1312 9118 6649 1230 2883
1677.96 28167 6965 1314 9120 6652 1231 2885
1678.99 28170 6966 1313 9124 6651 1231 2885
1680.15 28172 6969 1313 9122 6651 1231 2886
1681.27 28177 6970 1314 9125 6651 1231 2886
1682.49 28181 6969 1314 9126 6653 1233 2886
1683.67 28191 6971 1314 9131 6654 1234 2887
1684.71 28194 6973 1314 9130 6656 1234 2887
1685.78 28194 6975 1314 9130 6654 1234 2887
1686.87 28198 6973 1314 9133 6656 1235 2887
1687.91 28203 6977 1314 9135 6655 1234 2888
1689 28209 6978 1316 9138 6655 1234 2888
1690.03 28220 6979 1317 9142 6658 1235 2889
1691.18 28215 6978 1316 9141 6656 1235 2889
1692.19 28224 6980 1316 9142 6658 1237 2891
1693.39 28229 6980 1316 9141 6665 1237 2890
1694.45 28232 6981 1316 9144 6664 1236 2891
1695.49 28236 6983 1316 9145 6664 1237 2891
1696.52 28240 6983 1317 9147 6665 1237 2891
1697.6 28247 6983 1318 9146 6667 1239 2894
1698.64 28249 6982 1319 9149 6666 1239 2894
1699.64 28251 6982 1318 9149 6666 1241 2895
1700.65 28255 6984 1318 9151 6667 1240 2895
1701.71 28261 6987 1319 9151 6668 1240 2896
1702.8 28264 6987 1320 9154 6666 1241 2896
1703.81 28270 6988 1320 9155 6668 1242 2897
1704.95 28279 6991 1320 9158 6670 1243 2897
1706.06 28281 6993 1319 9160 6671 1241 2897
1707.17 28284 6993 1318 9163 6670 1243 2897
1708.37 28289 6995 1318 9163 6671 1243 2899
1709.61 28296 6997 1319 9169 6670 1243 2898
1710.71 28300 6998 1320 9171 6669 1242 2900
1711.73 28299 6999 1320 9170 6667 1242 2901
1712.74 28312 7001 1320 9175 6671 1244 2901
1713.85 28315 7001 1320 9177 6672 1243 2902
1714.96 28321 7003 1321 9178 6672 1244 2903
1716.09 28331 7006 1323 9179 6674 1244 2905
1717.25 28334 7008 1322 9180 6674 1245 2905
1718.3 28338 7008 1321 9181 6677 1246 2905
1719.42 28342 7010 1321 9181 6679 1246 2905
1720.56 28354 7011 1323 9185 6682 1247 2906
1721.76 28357 7011 1324 9188 6682 1247 2905
1722.84 28367 7017 1324 9191 6683 1247 2905
1723.85 28370 7016 1325 9193 6683 1248 2905
1724.86 28369 7017 1325 9195 6680 1247 2905
1725.96 28373 7019 1325 9195 6682 1247 2905
1727 28382 7019 1326 9198 6685 1248 2906
1728.15 28385 7019 1326 9201 6685 1247 2907
1729.16 28387 7021 1326 9200 6686 1248 2906
1730.33 28396 7022 1326 9204 6688 1249 2907
1731.33 28394 7022 1325 9202 6687 1249 2909
1732.42 28400 7022 1326 9205 6689 1249 2909
1733.49 28406 7026 1326 9206 6689 1249 2910
1734.75 28408 7027 1326 9205 6690 1249 2911
1735.81 28412 7029 1326 9207 6689 1250 2911
1737.01 28417 7030 1325 9209 6691 1251 2911
1738.07 28426 7031 1326 9212 6694 1252 2911
1739.11 28424 7032 1325 9211 6693 1251 2912
1740.17 28430 7031 1325 9213 6698 1251 2912
1741.17 28430 7033 1324 9214 6695 1252 2912
1742.25 28433 7034 1325 9214 6696 1252 2912
1743.36 28440 7034 1325 9218 6698 1252 2913
1744.43 28449 7036 1324 9220 6702 1253 2914
1745.61 28449 7037 1325 9222 6700 1252 2913
1746.62 28449 7038 1324 9220 6700 1253 2914
1747.71 28465 7040 1326 9224 6705 1256 2914
1748.74 28464 7040 1326 9224 6703 1256 2915
1749.89 28474 7041 1326 9226 6707 1258 2916
1750.99 28472 7040 1325 9226 6707 1258 2916
1752.14 28475 7042 1326 9229 6704 1257 2917
1753.3 28475 7044 1327 9230 6701 1256 2917
1754.47 28480 7045 1326 9236 6701 1256 2916
1755.52 28487 7048 1326 9239 6703 1255 2916
1756.63 28497 7049 1326 9242 6708 1256 2916
1757.64 28501 7051 1327 9242 6708 1257 2916
1758.7 28504 7052 1326 9245 6707 1256 2918
1759.97 28510 7054 1327 9246 6710 1256 2917
1761.18 28513 7054 1327 9250 6709 1255 2918
1762.26 28520 7056 1327 9255 6709 1255 2918
1763.28 28525 7057 1327 9255 6712 1255 2919
1764.43 28533 7060 1328 9257 6712 1255 2921
1765.48 28541 7063 1328 9259 6714 1256 2921
1766.56 28545 7065 1328 9259 6717 1256 2920
1767.62 28552 7067 1328 9259 6722 1256 2920
1768.76 28559 7069 1328 9259 6723 1258 2922
1769.97 28567 7070 1328 9262 6724 1259 2924
1771.13 28569 7072 1328 9262 6725 1259 2923
1772.35 28573 7073 1328 9261 6729 1259 2923
1773.5 28581 7074 1330 9266 6730 1259 2922
1774.61 28588 7075 1330 9268 6732 1261 2922
1775.62 28588 7075 1329 9269 6732 1261 2922
1776.69 28593 7076 1330 9270 6733 1261 2923
1777.77 28599 7078 1332 9271 6733 1261 2924
1778.88 28601 7078 1332 9272 6732 1261 2926
1780.11 28601 7078 1332 9273 6732 1262 2924
1781.19 28601 7078 1332 9273 6730 1262 2926
1782.44 28605 7080 1332 9276 6729 1261 2927
1783.75 28615 7082 1332 9276 6735 1263 2927
1784.83 28620 7085 1332 9278 6734 1264 2927
1785.98 28628 7087 1333 9280 6735 1264 2929
1787.12 28633 7090 1334 9280 6736 1265 2928
1788.12 28637 7091 1333 9281 6738 1265 2929
1789.15 28642 7092 1334 9282 6741 1265 2928
1790.21 28644 7093 1333 9284 6739 1266 2929
1791.35 28641 7094 1333 9282 6738 1265 2929
1792.39 28646 7094 1334 9282 6740 1267 2929
1793.43 28647 7093 1334 9282 6742 1268 2928
1794.5 28655 7094 1335 9286 6743 1268 2929
1795.77 28664 7098 1335 9288 6745 1268 2930
1796.95 28670 7099 1336 9289 6747 1268 2931
1798.05 28671 7101 1335 9292 6744 1268 2931
1799.29 28677 7104 1336 9295 6744 1267 2931
1800.42 28678 7106 1335 9295 6744 1267 2931
1801.47 28683 7107 1337 9296 6744 1268 2931
1802.48 28689 7109 1338 9296 6745 1269 2932
1803.62 28692 7110 1338 9301 6744 1268 2931
1804.74 28698 7112 1338 9302 6746 1268 2932
1805.78 28697 7113 1336 9302 6746 1268 2932
1806.78 28705 7114 1336 9305 6749 1268 2933
1807.82 28705 7115 1337 9305 6747 1268 2933
1808.85 28713 7116 1336 9307 6751 1269 2934
1810.09 28717 7118 1337 9309 6750 1269 2934
1811.25 28727 7121 1337 9311 6752 1270 2936
1812.3 28733 7126 1338 9312 6751 1269 2937
1813.33 28737 7126 1338 9313 6754 1269 2937
1814.38 28745 7128 1338 9315 6757 1270 2937
1815.58 28750 7129 1338 9316 6759 1271 2937
1816.6 28754 7130 1338 9319 6759 1271 2937
1817.76 28760 7130 1339 9320 6762 1272 2937
1818.96 28768 7131 1340 9323 6765 1272 2937
1820.09 28772 7131 1339 9324 6767 1273 2938
1821.23 28775 7133 1339 9324 6767 1273 2939
1822.23 28775 7134 1338 9324 6766 1273 2940
1823.28 28782 7135 1338 9328 6768 1274 2939
1824.4 28787 7135 1339 9330 6770 1274 2939
1825.41 28793 7135 1339 9332 6771 1274 2942
1826.58 28800 7135 1339 9335 6774 1274 2943
1827.58 28804 7136 1339 9335 6777 1275 2942
1828.79 28809 7137 1340 9338 6777 1275 2942
1829.93 28811 7140 1340 9339 6775 1274 2943
1831.04 28817 7140 1340 9340 6778 1274 2945
1832.14 28824 7141 1340 9341 6781 1275 2946
1833.42 28828 7142 1340 9343 6781 1276 2946
1834.43 28831 7143 1340 9346 6780 1276 2946
1835.62 28835 7144 1340 9349 6780 1277 2945
1836.63 28836 7145 1339 9351 6779 1277 2945
1837.66 28845 7146 1341 9353 6783 1278 2944
1838.69 28852 7147 1340 9354 6786 1278 2947
1839.72 28860 7149 1341 9356 6788 1279 2947
1840.95 28865 7149 1342 9357 6789 1280 2948
1842.1 28872 7152 1343 9360 6788 1280 2949
1843.51 28879 7151 1343 9361 6793 1282 2949
1844.53 28884 7153 1343 9362 6794 1282 2950
1845.59 28889 7156 1343 9364 6794 1281 2951
1846.76 28890 7157 1343 9364 6794 1281 2951
1847.78 28893 7158 1343 9364 6794 1282 2952
1849.03 28903 7159 1343 9366 6799 1283 2953
1850.15 28910 7160 1343 9369 6800 1284 2954
1851.26 28916 7164 1344 9368 6801 1284 2955
1852.41 28924 7165 1344 9371 6804 1285 2955
1853.45 28929 7168 1344 9375 6802 1284 2956
1854.66 28933 7169 1345 9376 6801 1284 2958
1855.91 28937 7172 1344 9379 6801 1284 2957
1857.05 28941 7175 1344 9379 6800 1284 2959
1858.14 28947 7176 1345 9380 6801 1285 2960
1859.16 28954 7175 1345 9382 6805 1286 2961
1860.23 28953 7176 1345 9381 6803 1286 2962
1861.35 28954 7175 1347 9384 6800 1286 2962
1862.44 28964 7180 1348 9385 6802 1286 2963
1863.67 28967 7182 1348 9386 6802 1286 2963
1864.79 28970 7182 1349 9387 6803 1286 2963
1866.03 28976 7184 1349 9389 6804 1287 2963
1867.15 28978 7184 1350 9388 6804 1288 2964
1868.19 28983 7185 1350 9388 6806 1289 2965
1869.29 28988 7186 1351 9391 6806 1289 2965
1870.53 28989 7188 1350 9390 6806 1289 2966
1871.64 28994 7189 1351 9391 6808 1289 2966
1872.7 28999 7191 1351 9392 6809 1290 2966
1873.73 29003 7191 1351 9396 6808 1290 2967
1874.75 29007 7192 1350 9399 6810 1290 2966
1875.87 29013 7193 1352 9399 6812 1290 2967
1877.04 29016 7193 1351 9399 6815 1290 2968
1878.1 29023 7196 1351 9401 6817 1289 2969
1879.12 29025 7196 1352 9400 6818 1290 2969
1880.31 29027 7196 1352 9402 6819 1289 2969
1881.37 29029 7197 1351 9404 6818 1289 2970
1882.39 29032 7199 1352 9401 6819 1290 2971
1883.44 29040 7200 1352 9403 6822 1290 2973
1884.55 29042 7200 1352 9402 6824 1291 2973
1885.58 29045 7201 1352 9403 6825 1291 2973
1886.62 29046 7201 1350 9403 6828 1291 2973
1887.72 29051 7204 1350 9405 6827 1291 2974
1889.04 29058 7208 1351 9406 6829 1291 2973
1890.24 29063 7206 1351 9409 6832 1292 2973
1891.25 29063 7208 1352 9409 6830 1291 2973
1892.35 29068 7210 1352 9409 6832 1291 2974
1893.41 29077 7212 1352 9408 6838 1292 2975
1894.46 29080 7212 1352 9412 6836 1292 2976
1895.49 29085 7213 1351 9416 6837 1292 2976
1896.57 29088 7214 1351 9418 6837 1292 2976
1897.64 29092 7214 1351 9419 6838 1293 2977
1898.64 29096 7213 1351 9421 6840 1293 2978
1899.71 29095 7215 1351 9420 6838 1293 2978
1900.82 29099 7216 1352 9421 6837 1294 2979
1901.94 29104 7218 1352 9421 6839 1294 2980
1903.07 29109 7220 1352 9423 6839 1294 2981
1904.13 29112 7221 1351 9425 6839 1294 2982
1905.38 29114 7221 1351 9426 6839 1294 2983
1906.38 29118 7222 1351 9426 6841 1294 2984
1907.45 29125 7223 1352 9428 6843 1295 2984
1908.71 29131 7223 1353 9428 6847 1296 2984
1909.73 29138 7225 1352 9430 6848 1298 2985
1910.75 29143 7225 1352 9432 6850 1298 2986
1911.75 29149 7227 1352 9435 6851 1298 2986
1912.78 29152 7228 1351 9434 6854 1300 2985
1913.92 29157 7230 1351 9435 6854 1300 2987
1914.98 29164 7230 1352 9438 6855 1301 2988
1915.99 29166 7232 1353 9438 6855 1300 2988
1917.03 29170 7232 1353 9439 6854 1302 2990
1918.15 29171 7234 1352 9439 6853 1302 2991
1919.18 29172 7234 1353 9439 6853 1302 2991
1920.24 29182 7236 1353 9441 6856 1304 2992
1921.33 29182 7236 1353 9441 6857 1304 2991
1922.41 29184 7237 1353 9442 6855 1305 2992
1923.47 29185 7235 1353 9444 6856 1305 2992
1924.72 29185 7235 1353 9445 6856 1304 2992
1925.88 29186 7236 1354 9446 6854 1303 2993
1926.98 29194 7237 1354 9448 6858 1304 2993
1928.06 29197 7238 1354 9446 6860 1306 2993
1929.06 29204 7239 1354 9447 6863 1307 2994
1930.16 29209 7240 1353 9449 6865 1308 2994
1931.36 29213 7241 1353 9452 6865 1308 2994
1932.38 29213 7241 1353 9454 6864 1307 2994
1933.43 29214 7241 1354 9450 6865 1309 2995
1934.54 29219 7242 1354 9451 6866 1309 2997
1935.6 29223 7243 1354 9452 6867 1309 2998
1936.61 29226 7246 1354 9452 6868 1309 2997
1937.69 29233 7246 1355 9454 6870 1310 2998
1938.86 29235 7246 1355 9456 6868 1310 3000
1939.91 29241 7247 1355 9458 6869 1311 3001
1941.05 29242 7249 1355 9460 6868 1309 3001
1942.06 29249 7250 1355 9462 6870 1310 3002
1943.15 29254 7253 1356 9463 6870 1310 3002
1944.25 29260 7254 1356 9465 6872 1310 3003
1945.29 29258 7253 1356 9465 6871 1310 3003
1946.32 29263 7254 1356 9466 6873 1311 3003
1947.4 29267 7255 1354 9470 6875 1310 3003
1948.4 29270 7255 1356 9470 6877 1309 3003
1949.47 29276 7256 1357 9472 6876 1311 3004
1950.64 29280 7258 1357 9473 6875 1311 3006
1951.66 29278 7257 1357 9472 6874 1311 3007
1952.8 29287 7259 1357 9475 6876 1312 3008
1953.81 29291 7259 1358 9477 6877 1311 3009
1954.95 29295 7259 1358 9479 6878 1311 3010
1956.12 29299 7261 1358 9479 6879 1312 3010
1957.13 29305 7263 1359 9482 6878 1312 3011
1958.16 29306 7263 1360 9482 6877 1313 3011
1959.2 29304 7264 1359 9483 6876 1312 3010
1960.45 29309 7265 1361 9483 6879 1312 3009
1961.46 29313 7267 1360 9485 6880 1312 3009
1962.62 29320 7268 1360 9487 6883 1313 3009
1963.77 29322 7270 1360 9488 6884 1312 3008
1964.88 29327 7272 1361 9489 6884 1312 3009
1966 29333 7272 1361 9489 6888 1313 3010
1967.02 29335 7274 1361 9489 6889 1313 3009
1968.16 29338 7274 1361 9490 6888 1315 3010
1969.38 29343 7276 1361 9490 6891 1315 3010
1970.6 29347 7276 1362 9492 6889 1316 3012
1971.8 29354 7278 1362 9493 6892 1316 3013
1973.05 29355 7278 1362 9493 6893 1316 3013
1974.15 29363 7279 1362 9496 6895 1317 3014
1975.28 29366 7281 1362 9496 6895 1317 3015
1976.45 29370 7283 1362 9496 6897 1317 3015
1977.47 29379 7285 1363 9498 6898 1319 3016
1978.55 29385 7286 1364 9502 6898 1319 3016
1979.72 29385 7287 1363 9502 6898 1318 3017
1980.82 29389 7289 1364 9503 6899 1317 3017
1981.82 29396 7291 1364 9504 6902 1317 3018
1983.18 29405 7292 1365 9507 6906 1318 3017
1984.41 29406 7292 1365 9507 6907 1318 3017
1985.61 29409 7292 1365 9507 6910 1318 3017
1986.76 29411 7293 1366 9508 6909 1318 3017
1987.89 29414 7296 1366 9509 6909 1318 3016
1989.03 29420 7299 1366 9512 6907 1319 3017
1990.2 29420 7301 1365 9513 6905 1318 3018
1991.3 29423 7302 1366 9515 6903 1318 3019
1992.37 29425 7302 1366 9514 6904 1319 3020
1993.51 29433 7304 1367 9517 6906 1320 3019
1994.6 29437 7304 1367 9518 6908 1320 3020
1995.66 29442 7305 1368 9518 6910 1321 3020
1996.87 29449 7307 1367 9520 6913 1322 3020
1997.99 29452 7309 1368 9519 6912 1323 3021
1999.02 29456 7310 1368 9521 6912 1323 3022
2000.03 29458 7310 1368 9522 6913 1322 3023
2001.07 29466 7312 1369 9523 6915 1323 3024
2002.08 29467 7312 1368 9525 6915 1323 3024
2003.14 29473 7316 1368 9528 6914 1323 3024
2004.14 29476 7316 1369 9527 6915 1324 3025
2005.15 29477 7318 1368 9527 6915 1324 3025
2006.17 29481 7317 1367 9530 6917 1325 3025
2007.26 29487 7321 1367 9531 6918 1324 3026
2008.31 29494 7321 1368 9535 6919 1325 3026
2009.45 29498 7321 1368 9536 6920 1326 3027
2010.51 29502 7322 1368 9535 6923 1327 3027
2011.54 29508 7323 1368 9538 6925 1327 3027
2012.55 29510 7324 1368 9536 6927 1327 3028
2013.59 29519 7327 1368 9538 6929 1329 3028
2014.7 29519 7328 1367 9539 6927 1329 3029
2015.81 29526 7330 1369 9538 6929 1330 3030
2016.89 29529 7334 1369 9539 6927 1329 3031
2017.89 29535 7335 1369 9540 6930 1329 3032
2018.9 29535 7335 1368 9540 6931 1329 3032
2019.99 29539 7335 1369 9543 6930 1330 3032
2021.23 29541 7335 1370 9544 6929 1331 3032
2022.37 29535 7334 1370 9542 6929 1329 3031
2023.51 29538 7335 1370 9544 6928 1330 3031
2024.54 29543 7336 1371 9545 6929 1331 3031
2025.75 29547 7336 1372 9545 6932 1331 3031
2026.79 29548 7335 1370 9549 6932 1331 3031
2028.07 29553 7336 1372 9548 6933 1333 3031
2029.21 29555 7337 1371 9549 6933 1333 3032
2030.43 29555 7338 1371 9548 6934 1332 3032
2031.44 29559 7339 1372 9550 6933 1332 3033
2032.55 29565 7340 1373 9550 6935 1334 3033
2033.67 29569 7343 1374 9550 6936 1334 3032
2034.75 29568 7342 1374 9552 6935 1333 3032
2035.8 29574 7343 1375 9552 6936 1334 3034
2036.84 29579 7343 1375 9555 6936 1335 3035
2037.88 29584 7344 1376 9556 6938 1335 3035
2039.03 29580 7343 1374 9556 6937 1335 3035
2040.08 29585 7344 1375 9557 6938 1335 3036
2041.12 29587 7346 1375 9557 6938 1334 3037
2042.21 29589 7343 1375 9558 6940 1335 3038
2043.37 29593 7344 1375 9558 6941 1336 3039
2044.51 29597 7346 1374 9559 6942 1336 3040
2045.53 29602 7346 1374 9560 6945 1337 3040
2046.68 29606 7348 1375 9561 6945 1338 3039
2047.73 29608 7347 1375 9563 6945 1338 3040
2048.85 29608 7348 1375 9564 6944 1337 3040
2049.89 29615 7349 1376 9565 6946 1338 3041
2050.9 29616 7349 1375 9565 6949 1338 3040
2052 29616 7349 1375 9566 6947 1338 3041
2053.1 29616 7348 1375 9568 6945 1338 3042
2054.3 29618 7349 1375 9570 6944 1338 3042
2055.32 29622 7351 1375 9572 6944 1338 3042
2056.64 29627 7352 1373 9575 6947 1339 3041
2057.77 29627 7352 1373 9576 6947 1339 3040
2058.91 29632 7354 1374 9575 6948 1339 3042
2060.11 29636 7355 1375 9576 6948 1339 3043
2061.18 29639 7356 1375 9576 6949 1339 3044
2062.31 29645 7356 1375 9579 6951 1341 3043
2063.38 29648 7355 1375 9582 6950 1341 3045
2064.52 29648 7356 1375 9582 6948 1341 3046
2065.6 29652 7356 1375 9583 6950 1342 3046
2066.64 29655 7357 1376 9582 6951 1342 3047
2067.7 29659 7358 1376 9584 6951 1342 3048
2068.71 29662 7359 1375 9585 6952 1342 3049
2069.74 29666 7360 1375 9585 6954 1342 3050
2070.79 29669 7361 1375 9587 6953 1344 3049
2071.89 29671 7361 1377 9588 6951 1344 3050
2072.98 29679 7362 1377 9590 6955 1345 3050
2074.17 29681 7363 1378 9589 6956 1346 3049
2075.31 29683 7365 1377 9591 6954 1347 3049
2076.59 29694 7366 1379 9593 6958 1348 3050
2077.76 29694 7367 1378 9593 6958 1348 3050
2078.8 29697 7368 1378 9594 6959 1348 3050
2079.83 29701 7367 1378 9596 6961 1349 3050
2080.9 29703 7369 1378 9597 6960 1349 3050
2082 29705 7369 1378 9597 6961 1349 3051
2083.05 29706 7368 1377 9597 6962 1350 3052
2084.22 29705 7368 1376 9599 6961 1350 3051
2085.46 29710 7368 1378 9600 6962 1351 3051
2086.57 29713 7368 1379 9600 6964 1351 3051
2087.74 29710 7368 1379 9600 6962 1350 3051
2088.83 29715 7369 1379 9601 6965 1350 3051
2089.87 29717 7369 1379 9601 6966 1350 3052
2090.92 29722 7370 1378 9603 6967 1351 3053
2091.94 29721 7370 1378 9603 6966 1351 3053
2093.1 29727 7371 1378 9606 6967 1351 3054
2094.32 29732 7374 1377 9607 6968 1351 3055
2095.63 29737 7375 1378 9608 6969 1352 3055
2096.66 29736 7375 1378 9607 6968 1351 3057
2097.69 29737 7376 1377 9608 6967 1351 3058
2098.75 29739 7376 1378 9608 6968 1352 3057
2099.76 29743 7377 1378 9607 6971 1353 3057
2100.83 29746 7377 1378 9608 6971 1353 3059
2101.84 29746 7377 1378 9609 6969 1353 3060
2102.88 29750 7378 1377 9610 6972 1354 3059
2104.02 29751 7378 1377 9609 6973 1355 3059
2105.11 29750 7378 1377 9609 6970 1355 3061
2106.14 29751 7379 1377 9608 6970 1355 3062
2107.19 29754 7379 1377 9609 6970 1356 3063
2108.3 29756 7377 1377 9609 6971 1357 3065
2109.35 29759 7377 1377 9610 6972 1357 3066
2110.55 29763 7378 1378 9611 6972 1357 3067
2111.65 29762 7378 1378 9611 6971 1357 3067
2112.67 29762 7379 1377 9610 6971 1357 3068
2113.78 29768 7379 1377 9610 6973 1358 3071
2114.8 29768 7379 1377 9612 6972 1358 3070
2115.89 29775 7379 1377 9614 6975 1359 3071
2117.07 29780 7379 1377 9616 6977 1359 3072
2118.22 29780 7378 1377 9615 6977 1360 3073
2119.36 29782 7380 1376 9615 6978 1360 3073
2120.41 29785 7381 1377 9616 6978 1360 3073
2121.43 29786 7382 1377 9615 6979 1360 3073
2122.44 29788 7382 1377 9614 6981 1360 3074
2123.61 29791 7383 1376 9616 6982 1360 3074
2124.66 29792 7383 1376 9615 6983 1361 3074
2125.9 29797 7385 1376 9618 6983 1361 3074
2127.15 29800 7387 1376 9619 6985 1359 3074
2128.35 29806 7389 1377 9621 6984 1360 3075
2129.49 29811 7390 1377 9623 6985 1361 3075
2130.66 29812 7390 1376 9623 6986 1361 3076
2131.67 29813 7390 1377 9623 6986 1362 3075
2132.83 29816 7392 1377 9622 6988 1362 3075
2133.84 29818 7392 1377 9622 6988 1362 3077
2134.9 29820 7394 1378 9622 6987 1361 3078
2136.02 29824 7394 1377 9623 6989 1362 3079
2137.06 29825 7396 1377 9622 6989 1362 3079
2138.32 29828 7394 1378 9622 6992 1363 3079
2139.34 29830 7395 1377 9623 6992 1364 3079
