# timestamp	GC Total Latency (msec)		CP	Meta	Filemap	Cache	Read	Write\n
318.467 23124 5833 1362 4798 7999 1766 1366
319.476 22811 5614 1314 4747 8138 1638 1360
320.488 22815 5744 1219 4926 8023 1642 1261
324.471 22873 5907 1119 4929 8084 1671 1163
325.804 22769 5765 1140 4825 8149 1689 1201
327.081 22603 5545 1164 5010 8000 1670 1214
328.178 22448 5366 1166 4977 8046 1680 1213
329.364 22108 5255 1158 4772 8114 1648 1161
330.477 21947 5222 1172 4706 8080 1591 1176
331.504 21819 5158 1185 4639 7950 1629 1258
332.564 21750 5079 1238 4591 7908 1610 1324
333.563 21587 5050 1235 4510 7882 1599 1311
334.6 21610 5047 1213 4510 7880 1600 1360
335.653 21701 5059 1230 4570 7849 1623 1370
336.687 21671 5075 1222 4556 7778 1693 1347
339.273 21692 5122 1213 4610 7732 1663 1352
340.297 21697 5171 1213 4661 7638 1671 1343
341.717 21677 5094 1204 4697 7669 1668 1345
342.75 22108 5529 1207 4688 7680 1669 1335
343.819 22020 5448 1185 4665 7721 1684 1317
344.846 21941 5383 1152 4663 7698 1705 1340
345.877 21915 5299 1159 4690 7723 1720 1324
346.904 21899 5238 1138 4713 7767 1702 1341
347.933 21856 5200 1119 4716 7820 1689 1312
348.992 21810 5137 1130 4705 7827 1699 1312
350.013 21791 5103 1140 4726 7822 1718 1282
351.056 21758 5084 1144 4715 7828 1726 1261
353.992 21749 5098 1134 4708 7797 1755 1257
355.015 21674 5053 1133 4736 7767 1751 1234
356.036 21662 5019 1134 4703 7836 1738 1232
357.069 21654 5011 1139 4698 7847 1733 1226
358.085 21635 5006 1126 4681 7841 1745 1236
359.113 21647 4985 1117 4674 7888 1745 1238
360.12 21631 4950 1128 4678 7905 1740 1230
361.124 21622 4941 1111 4692 7907 1749 1222
362.145 21645 4967 1101 4717 7905 1733 1222
363.185 21649 4962 1101 4728 7903 1735 1220
364.232 21675 4936 1104 4752 7896 1737 1250
365.26 21657 4896 1096 4752 7912 1755 1246
366.256 21610 4853 1088 4721 7942 1745 1261
367.955 21605 4853 1088 4720 7931 1749 1264
368.992 21576 4825 1103 4710 7924 1744 1270
370.033 21570 4809 1096 4705 7945 1734 1281
371.051 21573 4781 1087 4714 7969 1741 1281
372.072 21577 4767 1090 4731 7981 1738 1270
373.106 21601 4767 1090 4719 8003 1753 1269
374.142 21575 4740 1084 4723 7995 1751 1282
375.201 21584 4719 1082 4728 7993 1760 1302
376.2 21557 4700 1090 4713 8010 1748 1296
377.233 21517 4676 1094 4710 8006 1728 1303
378.256 21495 4658 1103 4693 8023 1721 1297
379.291 21491 4645 1111 4679 8042 1719 1295
380.331 21501 4632 1104 4690 8073 1716 1286
381.345 21521 4632 1105 4684 8093 1722 1285
382.374 21544 4644 1095 4693 8095 1729 1288
385.332 21542 4649 1093 4689 8091 1733 1287
386.336 21553 4640 1088 4697 8108 1727 1293
387.382 21536 4624 1091 4687 8109 1735 1290
388.394 21519 4611 1087 4670 8105 1750 1296
389.395 21516 4598 1082 4679 8129 1742 1286
390.408 21516 4573 1074 4698 8149 1737 1285
391.999 21538 4574 1073 4699 8165 1742 1285
393.027 21530 4552 1078 4710 8179 1738 1273
394.092 21508 4539 1073 4694 8197 1742 1263
395.149 21488 4520 1076 4696 8191 1745 1260
396.184 21477 4501 1076 4711 8206 1732 1251
397.199 21466 4476 1073 4710 8218 1738 1251
398.221 21455 4472 1071 4713 8231 1726 1242
399.25 21431 4465 1067 4709 8222 1728 1240
400.258 21447 4477 1065 4710 8226 1736 1233
401.297 21445 4482 1074 4691 8239 1731 1228
404.174 21440 4481 1075 4697 8227 1732 1228
405.206 21415 4481 1079 4680 8209 1733 1233
406.242 21392 4465 1077 4686 8208 1728 1228
407.296 21385 4461 1076 4676 8219 1724 1229
408.295 21391 4457 1078 4679 8228 1712 1237
409.313 21408 4457 1080 4698 8222 1724 1227
410.325 21415 4445 1074 4703 8242 1730 1221
411.362 21401 4445 1066 4719 8225 1722 1224
414.065 21379 4425 1072 4724 8211 1720 1227
415.078 21353 4411 1065 4726 8208 1721 1222
416.105 21311 4395 1057 4738 8173 1720 1228
417.124 21293 4387 1054 4737 8152 1709 1254
418.16 21258 4369 1055 4739 8137 1703 1255
419.213 21237 4356 1059 4735 8132 1698 1257
420.248 21210 4357 1052 4734 8108 1706 1253
421.263 21184 4357 1049 4726 8103 1704 1245
422.325 21187 4358 1050 4719 8111 1708 1241
423.355 21207 4363 1044 4733 8118 1710 1239
426.651 21213 4367 1045 4741 8103 1721 1236
427.661 21197 4351 1045 4745 8095 1719 1242
428.694 21184 4352 1046 4744 8073 1721 1248
429.735 21192 4350 1040 4746 8074 1728 1254
430.791 21182 4342 1040 4734 8082 1730 1254
431.791 21188 4338 1041 4737 8100 1721 1251
432.794 21197 4335 1044 4740 8108 1729 1241
433.823 21196 4333 1043 4738 8117 1724 1241
434.864 21199 4334 1040 4746 8116 1720 1243
435.867 21191 4326 1039 4755 8099 1724 1248
436.909 21206 4334 1032 4758 8099 1734 1249
437.965 21227 4350 1026 4749 8116 1743 1243
439.026 21253 4379 1020 4752 8113 1743 1246
442.998 21274 4398 1015 4753 8116 1743 1249
443.998 21266 4393 1016 4756 8103 1746 1252
445.02 21260 4390 1015 4751 8096 1744 1264
446.028 21270 4389 1013 4761 8095 1748 1264
447.031 21265 4388 1012 4755 8099 1749 1262
448.073 21255 4381 1010 4746 8108 1744 1266
449.107 21268 4385 1013 4751 8104 1748 1267
450.123 21285 4391 1010 4752 8115 1748 1269
451.131 21290 4380 1014 4763 8107 1753 1273
452.211 21301 4376 1023 4758 8120 1749 1275
453.213 21285 4365 1027 4756 8105 1747 1285
454.242 21292 4355 1030 4761 8109 1755 1282
455.253 21291 4352 1034 4765 8099 1752 1289
456.275 21298 4353 1031 4759 8105 1757 1293
457.311 21312 4352 1030 4753 8113 1764 1300
458.315 21338 4364 1030 4745 8131 1770 1298
459.361 21370 4383 1035 4743 8124 1776 1309
463.427 21392 4399 1034 4740 8132 1779 1308
464.476 21365 4398 1035 4726 8116 1780 1310
465.546 21361 4395 1035 4720 8120 1782 1309
466.608 21370 4390 1035 4731 8118 1780 1316
467.631 21371 4385 1038 4723 8119 1789 1317
468.657 21358 4374 1039 4719 8110 1794 1322
469.709 21349 4370 1036 4710 8112 1793 1328
470.772 21346 4365 1035 4712 8113 1795 1326
471.818 21356 4365 1034 4710 8118 1803 1326
472.822 21370 4364 1030 4707 8121 1818 1330
473.864 21395 4372 1034 4704 8128 1824 1333
474.875 21412 4389 1037 4702 8128 1821 1335
475.887 21425 4402 1037 4701 8120 1828 1337
480.279 21441 4418 1037 4696 8128 1827 1335
481.35 21430 4418 1037 4691 8121 1824 1339
482.379 21421 4418 1033 4694 8109 1830 1337
483.579 21417 4413 1030 4697 8109 1828 1340
484.585 21411 4409 1030 4702 8099 1830 1341
485.59 21410 4405 1028 4722 8085 1828 1342
486.662 21408 4397 1028 4719 8089 1831 1344
487.7 21407 4395 1024 4717 8097 1836 1338
488.723 21415 4393 1024 4727 8100 1832 1339
489.769 21416 4388 1023 4728 8109 1827 1341
490.78 21435 4388 1025 4734 8113 1829 1346
491.79 21441 4381 1028 4737 8121 1828 1346
492.799 21437 4375 1031 4743 8116 1824 1348
493.861 21452 4377 1029 4745 8133 1822 1346
494.918 21452 4382 1027 4743 8139 1817 1344
495.937 21484 4395 1026 4752 8142 1823 1346
498.817 21486 4396 1025 4754 8141 1823 1347
500.353 21477 4395 1023 4753 8137 1825 1344
501.371 21474 4393 1024 4759 8137 1818 1343
502.448 21482 4388 1025 4763 8147 1817 1342
503.511 21490 4386 1027 4762 8154 1815 1346
504.541 21475 4384 1025 4760 8144 1819 1343
505.577 21455 4382 1024 4762 8125 1817 1345
506.617 21450 4377 1026 4759 8120 1822 1346
507.649 21444 4372 1026 4763 8120 1821 1342
508.653 21438 4369 1025 4769 8113 1820 1342
509.699 21446 4363 1024 4778 8119 1816 1346
510.762 21441 4356 1027 4781 8113 1818 1346
511.785 21448 4348 1024 4788 8125 1819 1344
512.832 21471 4347 1029 4800 8126 1823 1346
513.855 21503 4360 1027 4806 8137 1827 1346
516.705 21525 4371 1025 4815 8143 1826 1345
517.748 21532 4369 1027 4821 8142 1829 1344
518.778 21544 4369 1028 4825 8152 1829 1341
519.807 21564 4373 1025 4829 8166 1824 1347
520.854 21571 4372 1020 4830 8179 1823 1347
521.861 21572 4371 1021 4831 8176 1827 1346
522.876 21583 4372 1022 4836 8173 1830 1350
523.946 21594 4376 1023 4837 8176 1833 1349
527.612 21597 4376 1022 4833 8177 1837 1352
528.641 21583 4371 1019 4839 8163 1839 1352
529.665 21601 4372 1022 4842 8169 1849 1347
530.69 21608 4363 1023 4856 8168 1852 1346
531.718 21608 4361 1020 4863 8164 1855 1345
532.753 21610 4358 1019 4864 8169 1859 1341
533.808 21624 4359 1017 4870 8177 1859 1342
534.87 21626 4358 1020 4874 8167 1858 1349
538.017 21632 4362 1018 4879 8165 1860 1348
539.024 21612 4353 1021 4882 8153 1858 1345
540.028 21620 4346 1024 4890 8154 1856 1350
541.041 21615 4344 1022 4892 8151 1856 1350
542.067 21620 4340 1022 4899 8154 1856 1349
543.13 21618 4340 1021 4902 8152 1856 1347
544.199 21617 4337 1020 4906 8152 1854 1348
545.218 21610 4332 1022 4908 8149 1849 1350
546.238 21621 4329 1018 4909 8161 1846 1358
547.297 21631 4332 1016 4914 8167 1845 1357
548.342 21639 4330 1017 4917 8168 1849 1358
549.378 21649 4331 1022 4922 8172 1846 1356
550.394 21655 4332 1021 4920 8172 1852 1358
551.421 21666 4334 1027 4925 8176 1849 1355
554.579 21677 4335 1026 4928 8179 1853 1356
555.627 21673 4333 1026 4927 8169 1858 1360
556.654 21665 4331 1023 4928 8169 1855 1359
557.69 21671 4329 1024 4929 8174 1855 1360
558.718 21683 4334 1024 4934 8176 1855 1360
559.733 21684 4332 1023 4930 8173 1860 1366
560.764 21690 4328 1023 4936 8176 1864 1363
561.769 21698 4329 1022 4940 8180 1863 1364
562.772 21709 4327 1026 4945 8185 1865 1361
563.837 21709 4320 1024 4950 8191 1865 1359
564.858 21721 4319 1025 4949 8202 1868 1358
567.149 21715 4316 1025 4946 8202 1868 1358
568.184 21713 4309 1023 4948 8207 1865 1361
569.216 21707 4309 1020 4949 8200 1866 1363
570.236 21699 4304 1020 4950 8195 1866 1364
571.289 21703 4307 1021 4953 8194 1863 1365
572.296 21707 4306 1021 4947 8199 1867 1367
573.336 21706 4304 1020 4953 8195 1866 1368
574.39 21718 4307 1024 4957 8200 1864 1366
575.411 21733 4309 1026 4958 8207 1866 1367
576.456 21739 4308 1023 4959 8212 1870 1367
577.502 21752 4311 1025 4959 8214 1873 1370
578.508 21752 4309 1024 4969 8209 1873 1368
579.535 21758 4311 1021 4971 8213 1875 1367
582.559 21762 4311 1020 4974 8213 1874 1370
583.562 21762 4308 1018 4965 8226 1876 1369
584.583 21763 4305 1015 4964 8227 1882 1370
585.835 21766 4302 1016 4969 8226 1880 1373
586.867 21777 4299 1016 4974 8227 1884 1377
587.918 21783 4298 1017 4970 8239 1886 1373
588.954 21772 4293 1018 4973 8228 1886 1374
589.98 21776 4289 1019 4978 8225 1885 1380
591.048 21787 4290 1019 4976 8235 1889 1378
592.079 21794 4292 1017 4982 8233 1889 1381
593.095 21796 4291 1020 4981 8236 1886 1382
594.103 21794 4285 1020 4986 8231 1886 1386
595.141 21798 4284 1019 4987 8234 1886 1388
596.158 21810 4283 1021 4995 8241 1886 1384
598.556 21812 4283 1021 4996 8242 1885 1385
599.571 21811 4281 1019 5008 8234 1882 1387
600.592 21811 4279 1018 5008 8237 1881 1388
601.625 21815 4276 1017 5018 8234 1881 1389
602.655 21812 4273 1015 5015 8244 1878 1387
603.695 21825 4271 1013 5027 8246 1878 1390
604.722 21835 4269 1016 5032 8252 1874 1392
605.779 21846 4272 1015 5042 8254 1874 1389
606.787 21859 4273 1019 5045 8259 1874 1389
607.86 21867 4269 1019 5050 8261 1875 1393
608.892 21879 4277 1019 5052 8263 1876 1392
611.193 21883 4280 1018 5051 8266 1875 1393
612.198 21885 4276 1017 5051 8263 1879 1399
613.221 21895 4277 1017 5054 8271 1881 1395
614.294 21900 4279 1017 5054 8272 1882 1396
615.323 21905 4278 1019 5057 8272 1882 1397
616.366 21912 4277 1018 5065 8269 1881 1402
617.409 21919 4275 1020 5069 8269 1883 1403
618.428 21917 4271 1020 5068 8271 1881 1406
619.438 21928 4271 1023 5073 8271 1883 1407
620.494 21937 4271 1021 5072 8280 1885 1408
621.513 21949 4274 1020 5078 8286 1885 1406
622.527 21956 4271 1020 5084 8287 1888 1406
623.599 21969 4269 1021 5088 8292 1889 1410
624.61 21972 4267 1023 5087 8293 1893 1409
625.647 21970 4267 1022 5093 8287 1892 1409
626.657 21982 4271 1024 5097 8291 1892 1407
627.686 21993 4273 1022 5095 8300 1894 1409
628.695 22011 4280 1026 5097 8301 1896 1411
629.723 22024 4286 1027 5101 8301 1896 1413
630.773 22042 4295 1028 5102 8303 1899 1415
631.827 22061 4304 1030 5101 8312 1900 1414
635.883 22076 4312 1029 5102 8318 1901 1414
636.924 22060 4310 1026 5097 8314 1900 1413
637.936 22059 4307 1026 5102 8310 1899 1415
638.962 22057 4306 1027 5102 8307 1900 1415
640.011 22057 4306 1026 5102 8309 1900 1414
641.049 22066 4308 1023 5113 8302 1903 1417
642.072 22068 4309 1028 5112 8302 1904 1413
643.114 22076 4311 1029 5114 8305 1902 1415
644.143 22080 4310 1029 5112 8309 1903 1417
645.153 22092 4313 1031 5118 8308 1907 1415
646.187 22096 4311 1028 5120 8309 1911 1417
647.24 22111 4314 1029 5129 8313 1913 1413
648.257 22125 4317 1029 5137 8320 1909 1413
649.269 22147 4327 1030 5143 8324 1911 1412
650.359 22167 4337 1031 5147 8327 1914 1411
651.399 22194 4354 1031 5152 8332 1912 1413
655.331 22205 4357 1032 5156 8334 1913 1413
656.366 22207 4357 1032 5155 8332 1914 1417
657.41 22214 4360 1030 5157 8336 1913 1418
658.45 22218 4360 1030 5161 8337 1914 1416
659.496 22222 4356 1030 5174 8335 1911 1416
660.561 22238 4354 1032 5179 8341 1916 1416
661.587 22247 4354 1034 5181 8347 1916 1415
662.624 22267 4355 1035 5182 8352 1923 1420
665.658 22275 4358 1035 5181 8354 1925 1422
666.703 22276 4356 1035 5184 8345 1930 1426
667.732 22277 4353 1033 5188 8345 1933 1425
668.779 22282 4349 1033 5194 8348 1933 1425
669.802 22289 4350 1033 5193 8354 1934 1425
670.833 22295 4351 1033 5200 8354 1934 1423
671.898 22313 4353 1030 5206 8361 1937 1426
672.899 22320 4355 1031 5208 8359 1939 1428
673.928 22334 4353 1030 5213 8365 1940 1433
674.953 22353 4356 1028 5220 8375 1942 1432
677.736 22358 4358 1028 5220 8378 1943 1431
678.786 22353 4355 1024 5222 8377 1942 1433
679.792 22366 4355 1024 5223 8381 1947 1436
680.838 22370 4355 1022 5222 8387 1948 1436
681.856 22375 4355 1024 5215 8395 1948 1438
682.868 22392 4359 1026 5218 8402 1949 1438
683.921 22406 4362 1027 5227 8398 1954 1438
684.933 22418 4364 1025 5231 8400 1954 1444
685.986 22430 4365 1024 5240 8401 1955 1445
687.02 22437 4367 1024 5238 8403 1958 1447
688.071 22446 4372 1026 5237 8408 1957 1446
689.094 22463 4378 1026 5242 8408 1962 1447
692.994 22483 4386 1026 5244 8413 1968 1446
694.007 22485 4386 1025 5248 8412 1968 1446
695.01 22495 4387 1023 5252 8414 1972 1447
696.056 22504 4385 1022 5261 8413 1973 1450
697.06 22510 4386 1020 5263 8418 1973 1450
698.091 22520 4386 1023 5264 8418 1976 1453
699.164 22535 4390 1021 5267 8424 1979 1454
700.237 22545 4394 1021 5265 8423 1984 1458
701.276 22565 4394 1022 5269 8432 1990 1458
702.366 22571 4392 1024 5272 8433 1994 1456
703.458 22582 4396 1023 5273 8435 1997 1458
704.482 22604 4408 1024 5273 8444 1999 1456
705.556 22625 4418 1025 5278 8446 2001 1457
706.556 22646 4427 1026 5278 8455 2002 1458
710.416 22655 4434 1025 5280 8454 2003 1459
711.426 22659 4433 1026 5286 8448 2005 1461
712.434 22661 4431 1028 5289 8451 2003 1459
714.12 22666 4429 1027 5294 8452 2007 1457
715.151 22671 4426 1028 5303 8450 2007 1457
716.154 22677 4426 1027 5302 8455 2010 1457
717.233 22679 4425 1026 5298 8459 2014 1457
718.294 22689 4424 1027 5302 8463 2015 1458
719.323 22693 4423 1028 5301 8465 2015 1461
720.378 22702 4420 1026 5307 8473 2015 1461
721.402 22704 4415 1026 5308 8472 2019 1464
722.432 22704 4414 1025 5319 8466 2017 1463
723.434 22715 4412 1024 5325 8472 2018 1464
724.523 22724 4410 1026 5327 8479 2017 1465
725.536 22733 4408 1027 5332 8477 2022 1467
726.563 22739 4408 1028 5335 8483 2019 1466
727.602 22742 4406 1027 5343 8482 2021 1463
728.624 22753 4407 1028 5343 8490 2022 1463
729.622 22760 4406 1029 5344 8489 2028 1464
730.67 22771 4410 1031 5344 8491 2027 1468
731.673 22787 4420 1030 5348 8494 2027 1468
735.514 22790 4420 1030 5346 8495 2028 1471
736.551 22787 4418 1028 5353 8492 2027 1469
737.632 22794 4417 1028 5356 8494 2031 1468
738.667 22808 4416 1031 5360 8504 2029 1468
740.326 22816 4415 1031 5362 8509 2030 1469
741.405 22823 4414 1030 5364 8513 2032 1470
742.427 22835 4415 1031 5365 8523 2033 1468
743.505 22837 4412 1033 5366 8521 2035 1470
744.562 22850 4414 1032 5372 8526 2036 1470
745.583 22860 4417 1032 5382 8524 2036 1469
746.619 22870 4417 1033 5385 8527 2037 1471
747.64 22880 4418 1033 5383 8532 2042 1472
748.638 22890 4418 1033 5385 8537 2046 1471
749.695 22903 4419 1034 5389 8542 2047 1472
750.767 22917 4420 1036 5390 8549 2047 1475
751.781 22936 4421 1038 5389 8561 2050 1477
755.246 22944 4421 1040 5392 8561 2049 1481
756.272 22946 4421 1039 5392 8558 2052 1484
757.329 22948 4420 1038 5396 8557 2051 1486
758.432 22956 4418 1038 5402 8559 2055 1484
759.466 22971 4419 1040 5404 8565 2055 1488
760.492 22984 4420 1041 5408 8570 2058 1487
761.537 22995 4421 1041 5414 8572 2058 1489
762.538 23002 4422 1041 5417 8575 2058 1489
763.625 23013 4422 1042 5418 8584 2058 1489
764.696 23019 4423 1041 5418 8587 2060 1490
765.728 23035 4424 1041 5420 8596 2063 1491
766.734 23048 4426 1043 5424 8598 2066 1491
769.607 23054 4427 1041 5424 8604 2067 1491
770.614 23054 4425 1042 5428 8599 2067 1493
771.646 23055 4425 1039 5434 8599 2065 1493
772.688 23059 4423 1039 5436 8602 2068 1491
773.731 23071 4424 1039 5438 8605 2071 1494
774.747 23082 4427 1038 5440 8611 2070 1496
775.798 23089 4426 1035 5445 8611 2074 1498
776.851 23097 4423 1034 5451 8616 2075 1498
777.869 23107 4426 1035 5449 8623 2076 1498
778.89 23110 4426 1034 5456 8619 2078 1497
779.927 23118 4424 1033 5456 8627 2080 1498
781.001 23126 4424 1032 5461 8630 2081 1498
782.019 23137 4423 1033 5463 8637 2080 1501
783.06 23140 4422 1032 5468 8636 2080 1502
785.783 23141 4420 1029 5467 8640 2082 1503
786.787 23141 4418 1029 5469 8643 2082 1500
788.201 23142 4416 1028 5473 8646 2079 1500
789.254 23144 4415 1031 5473 8644 2081 1500
790.337 23148 4412 1031 5475 8649 2079 1502
791.512 23156 4411 1031 5480 8650 2083 1501
792.516 23165 4409 1029 5489 8653 2082 1503
793.57 23172 4410 1027 5495 8652 2085 1503
794.574 23179 4411 1026 5501 8656 2084 1501
795.656 23188 4412 1026 5503 8659 2085 1503
796.693 23194 4410 1025 5505 8662 2087 1505
797.764 23205 4412 1024 5509 8666 2090 1504
798.823 23221 4415 1023 5512 8676 2092 1503
799.839 23230 4416 1023 5512 8683 2092 1504
802.706 23240 4417 1023 5513 8689 2092 1506
803.71 23239 4415 1023 5516 8689 2090 1506
804.722 23241 4412 1021 5518 8692 2092 1506
805.729 23244 4413 1021 5518 8694 2091 1507
806.762 23253 4412 1022 5522 8700 2089 1508
807.811 23260 4412 1021 5532 8699 2091 1505
808.875 23265 4412 1020 5534 8701 2092 1506
809.908 23277 4413 1020 5546 8701 2091 1506
810.907 23284 4413 1017 5551 8704 2092 1507
811.976 23296 4414 1016 5555 8710 2095 1506
813.054 23306 4416 1017 5557 8716 2094 1506
814.061 23319 4416 1019 5558 8722 2095 1509
815.086 23328 4418 1017 5558 8731 2096 1508
816.097 23340 4417 1016 5564 8735 2098 1510
817.171 23354 4419 1016 5568 8742 2098 1511
820.026 23353 4419 1016 5568 8741 2099 1510
821.038 23355 4419 1013 5569 8742 2099 1513
822.134 23356 4418 1012 5573 8738 2101 1514
823.249 23363 4419 1011 5577 8740 2101 1515
824.276 23366 4420 1009 5578 8739 2102 1518
825.365 23366 4419 1009 5579 8738 2102 1519
826.404 23370 4419 1007 5582 8742 2102 1518
827.446 23379 4418 1006 5584 8749 2103 1519
828.468 23390 4420 1005 5588 8751 2106 1520
829.538 23390 4416 1004 5588 8754 2106 1522
830.557 23400 4417 1003 5595 8755 2108 1522
831.617 23410 4416 1002 5599 8757 2111 1525
832.616 23420 4417 1001 5599 8766 2110 1527
833.693 23432 4419 1001 5604 8764 2113 1531
836.874 23441 4419 999 5608 8768 2113 1534
837.951 23440 4419 999 5611 8765 2112 1534
839.001 23444 4418 999 5612 8768 2112 1535
840.067 23449 4417 999 5616 8768 2113 1536
841.105 23459 4416 998 5622 8771 2116 1536
842.129 23471 4417 998 5621 8781 2119 1535
844.147 23478 4416 997 5627 8782 2120 1536
845.223 23479 4417 994 5625 8784 2121 1538
846.285 23484 4415 994 5627 8784 2124 1540
847.305 23493 4417 994 5633 8784 2124 1541
848.337 23502 4417 994 5636 8786 2126 1543
849.387 23509 4417 993 5642 8790 2127 1540
850.451 23511 4415 996 5640 8792 2128 1540
851.468 23521 4417 996 5640 8796 2128 1544
852.536 23534 4419 996 5644 8799 2132 1544
853.59 23551 4423 994 5651 8803 2133 1547
854.632 23566 4426 996 5655 8806 2133 1550
855.653 23575 4428 996 5660 8805 2136 1550
856.664 23588 4433 994 5664 8807 2138 1552
860.431 23595 4436 992 5671 8807 2137 1552
861.472 23601 4437 994 5672 8807 2138 1553
862.507 23606 4437 993 5672 8811 2139 1554
863.51 23612 4438 994 5675 8812 2140 1553
864.512 23615 4437 994 5678 8815 2138 1553
865.635 23623 4438 992 5677 8821 2141 1554
866.671 23627 4439 993 5679 8820 2142 1554
867.744 23633 4441 991 5678 8826 2142 1555
868.747 23644 4444 992 5679 8832 2141 1556
869.781 23655 4444 991 5687 8833 2143 1557
870.794 23669 4445 991 5687 8842 2145 1559
871.832 23681 4447 991 5690 8849 2144 1560
872.888 23692 4448 990 5694 8859 2142 1559
873.97 23703 4448 989 5699 8864 2143 1560
875.022 23712 4446 989 5704 8871 2143 1559
877.273 23713 4446 989 5704 8871 2143 1560
878.299 23712 4447 990 5702 8870 2144 1559
879.328 23714 4446 989 5705 8871 2143 1560
880.863 23719 4445 990 5705 8874 2144 1561
881.958 23722 4444 991 5708 8874 2143 1562
882.972 23729 4445 990 5710 8873 2146 1565
884.057 23732 4445 989 5713 8874 2147 1564
885.078 23743 4446 988 5715 8881 2150 1563
886.085 23749 4446 989 5717 8886 2149 1562
887.151 23764 4449 987 5720 8893 2153 1562
888.168 23773 4451 985 5722 8899 2154 1562
889.189 23777 4451 985 5725 8898 2156 1562
890.267 23779 4451 984 5730 8895 2156 1563
891.314 23786 4452 984 5737 8894 2156 1563
892.33 23791 4452 983 5738 8897 2157 1564
893.389 23799 4454 985 5736 8900 2158 1566
896.978 23806 4457 984 5739 8899 2159 1568
898.018 23809 4456 983 5742 8900 2159 1569
899.149 23814 4456 983 5747 8897 2161 1570
900.318 23816 4456 982 5746 8899 2162 1571
901.327 23827 4458 980 5749 8906 2162 1572
902.373 23836 4460 980 5752 8907 2164 1573
903.411 23844 4464 980 5751 8913 2162 1574
904.462 23850 4466 981 5752 8913 2166 1572
905.521 23864 4471 981 5756 8913 2168 1575
906.535 23866 4472 980 5757 8916 2167 1574
908.391 23869 4472 980 5757 8917 2167 1576
909.437 23872 4472 979 5759 8914 2171 1577
910.629 23876 4473 979 5758 8915 2171 1580
911.7 23875 4471 978 5760 8917 2170 1579
912.722 23879 4471 977 5760 8918 2172 1581
913.891 23883 4470 977 5758 8921 2174 1583
915.237 23892 4470 977 5763 8922 2176 1584
916.309 23893 4470 978 5761 8922 2177 1585
917.451 23901 4472 976 5764 8925 2177 1587
918.521 23904 4472 976 5768 8924 2177 1587
919.543 23911 4475 975 5770 8927 2177 1587
920.562 23917 4477 976 5769 8928 2178 1589
921.611 23926 4478 976 5774 8930 2180 1588
922.654 23930 4477 976 5776 8932 2179 1590
923.701 23934 4478 976 5776 8932 2181 1591
924.749 23942 4479 974 5776 8939 2182 1592
925.805 23955 4479 972 5779 8948 2184 1593
926.821 23963 4481 972 5784 8950 2184 1592
927.832 23972 4480 971 5789 8954 2185 1593
928.899 23985 4484 970 5792 8961 2185 1593
930.191 23986 4485 971 5792 8960 2185 1593
931.197 23992 4487 972 5793 8961 2185 1594
933.138 23991 4487 971 5791 8961 2186 1595
934.182 23996 4486 971 5795 8959 2186 1599
935.227 24005 4488 971 5798 8965 2185 1598
936.282 24012 4489 970 5801 8966 2187 1599
937.344 24029 4491 971 5803 8974 2189 1601
938.352 24036 4492 970 5805 8980 2188 1601
939.404 24044 4494 970 5810 8983 2187 1600
940.488 24048 4496 970 5810 8984 2188 1600
941.494 24055 4496 971 5814 8984 2190 1600
942.532 24064 4495 971 5815 8991 2191 1601
943.593 24070 4498 970 5816 8994 2192 1600
944.664 24077 4499 971 5820 8993 2194 1600
948.258 24083 4500 970 5820 8997 2195 1601
949.259 24082 4499 971 5819 8995 2197 1601
950.489 24089 4498 969 5822 8996 2201 1603
951.526 24097 4500 971 5823 9000 2201 1602
952.579 24103 4501 970 5823 9004 2201 1604
953.849 24104 4501 970 5824 9003 2201 1605
954.871 24115 4501 970 5824 9009 2203 1608
956.139 24121 4503 971 5827 9009 2203 1608
957.179 24122 4503 970 5825 9014 2202 1608
958.24 24129 4502 970 5826 9019 2204 1608
959.287 24137 4503 969 5829 9021 2207 1608
960.354 24140 4502 969 5828 9025 2208 1608
961.455 24148 4501 967 5835 9028 2210 1607
962.474 24150 4499 967 5834 9030 2210 1610
963.552 24163 4500 968 5839 9032 2211 1613
966.346 24169 4499 968 5839 9033 2212 1618
967.474 24168 4497 968 5840 9031 2213 1619
968.572 24166 4496 967 5840 9032 2214 1617
969.715 24171 4494 968 5846 9030 2215 1618
970.746 24174 4492 967 5847 9031 2217 1620
971.767 24183 4491 969 5847 9036 2220 1620
972.772 24191 4493 968 5848 9042 2219 1621
973.799 24202 4493 969 5854 9047 2219 1620
974.866 24214 4495 967 5857 9054 2219 1622
975.934 24223 4496 967 5857 9061 2220 1622
976.934 24226 4496 966 5861 9061 2219 1623
978.001 24237 4498 968 5861 9067 2221 1622
979.027 24245 4499 966 5865 9073 2222 1620
981.669 24248 4500 966 5866 9072 2223 1621
982.711 24245 4498 965 5868 9069 2222 1623
983.799 24247 4498 965 5867 9070 2222 1625
984.856 24249 4497 964 5870 9070 2220 1628
985.893 24248 4498 964 5869 9069 2219 1629
986.941 24258 4497 965 5873 9073 2220 1630
987.948 24261 4497 964 5876 9075 2219 1630
988.999 24267 4497 965 5878 9078 2220 1629
990.013 24271 4496 963 5881 9081 2222 1628
991.055 24281 4496 964 5886 9082 2224 1629
992.058 24288 4495 962 5889 9089 2225 1628
993.095 24295 4494 963 5890 9093 2228 1627
994.121 24300 4494 962 5891 9098 2228 1627
995.126 24308 4494 962 5890 9105 2229 1628
996.214 24317 4494 962 5893 9111 2229 1628
998.49 24319 4494 962 5894 9112 2229 1628
999.615 24319 4493 960 5895 9111 2230 1630
1000.63 24321 4491 961 5896 9112 2230 1631
1001.72 24326 4490 962 5898 9113 2231 1632
1002.75 24327 4490 961 5898 9115 2231 1632
1003.81 24332 4489 962 5900 9117 2232 1632
1004.82 24342 4489 962 5903 9122 2233 1633
1005.88 24345 4487 961 5901 9128 2234 1634
1006.89 24351 4488 959 5902 9135 2234 1633
1007.93 24351 4486 959 5905 9133 2235 1633
1009.02 24355 4486 959 5905 9134 2236 1635
1010.02 24359 4484 958 5912 9134 2237 1634
1011.09 24365 4484 960 5911 9139 2237 1634
1012.09 24367 4483 960 5914 9141 2235 1634
1013.17 24381 4484 960 5918 9147 2236 1636
1014.24 24390 4485 959 5920 9154 2237 1635
1015.29 24400 4486 960 5923 9158 2238 1635
1016.31 24402 4486 959 5924 9162 2237 1634
1018.87 24416 4487 959 5931 9165 2239 1635
1020.06 24415 4487 960 5932 9161 2239 1636
1021.13 24414 4487 959 5931 9160 2240 1637
1022.18 24419 4487 960 5933 9163 2239 1637
1023.19 24420 4486 958 5934 9166 2239 1637
1024.26 24424 4486 959 5935 9167 2240 1637
1025.34 24436 4487 959 5941 9170 2241 1638
1026.42 24445 4487 959 5944 9172 2243 1640
1027.42 24454 4489 959 5948 9175 2244 1639
1028.43 24463 4490 958 5949 9181 2245 1640
1029.46 24471 4489 959 5950 9187 2247 1639
1030.51 24473 4487 958 5954 9188 2247 1639
1031.55 24478 4487 958 5959 9189 2246 1639
1032.64 24485 4488 957 5963 9192 2245 1640
1033.66 24489 4487 955 5967 9194 2245 1641
1035.93 24487 4487 955 5965 9194 2245 1641
1036.93 24496 4486 955 5974 9193 2246 1642
1037.98 24502 4485 956 5975 9196 2247 1643
1039.04 24509 4485 955 5976 9204 2246 1643
1040.05 24512 4486 954 5978 9205 2246 1643
1041.1 24511 4485 955 5977 9205 2246 1643
1042.14 24511 4485 954 5979 9203 2247 1643
1043.16 24517 4485 953 5980 9205 2247 1647
1044.43 24522 4484 954 5982 9207 2249 1646
1045.53 24526 4486 954 5981 9210 2249 1646
1046.69 24531 4486 955 5986 9208 2249 1647
1047.78 24546 4487 956 5987 9218 2250 1648
1048.81 24555 4490 955 5989 9221 2251 1649
1049.83 24561 4490 955 5991 9225 2251 1649
1050.83 24569 4490 954 5996 9227 2251 1651
1051.87 24579 4491 953 6001 9231 2251 1652
1052.93 24584 4490 954 6002 9235 2252 1651
1054 24591 4489 953 6004 9242 2252 1651
1055.01 24601 4488 953 6005 9249 2255 1651
1056.06 24609 4488 953 6006 9254 2257 1651
1058.87 24613 4488 953 6009 9255 2256 1652
1059.88 24618 4488 954 6012 9255 2257 1652
1061.02 24615 4487 953 6015 9249 2259 1652
1062.16 24621 4487 953 6019 9250 2258 1654
1063.27 24628 4487 955 6019 9252 2260 1655
1064.36 24626 4485 953 6020 9252 2260 1656
1065.38 24631 4484 953 6020 9258 2260 1656
1066.39 24636 4484 951 6024 9260 2261 1656
1067.45 24639 4484 951 6024 9262 2262 1656
1068.46 24646 4484 951 6027 9265 2262 1657
1069.48 24657 4484 951 6032 9268 2264 1658
1070.53 24667 4483 952 6038 9270 2267 1657
1071.57 24673 4484 951 6041 9270 2268 1659
1072.6 24684 4485 951 6045 9272 2271 1660
1073.6 24688 4486 951 6043 9276 2271 1661
1076.81 24692 4487 950 6048 9275 2271 1661
1077.87 24690 4486 950 6047 9277 2269 1661
1078.94 24692 4486 949 6049 9277 2270 1661
1079.96 24697 4485 950 6051 9279 2271 1661
1080.98 24705 4484 951 6054 9281 2272 1663
1082.04 24710 4484 949 6058 9284 2271 1664
1083.05 24712 4484 950 6058 9286 2270 1664
1084.1 24722 4485 949 6061 9293 2271 1663
1085.14 24728 4485 949 6063 9298 2269 1664
1086.15 24738 4485 948 6067 9301 2272 1665
1087.22 24747 4485 948 6071 9304 2273 1666
1088.29 24758 4486 949 6075 9307 2273 1668
1091.15 24761 4487 949 6076 9310 2273 1666
1092.21 24766 4486 949 6082 9309 2273 1667
1093.23 24768 4485 949 6083 9308 2275 1668
1094.47 24769 4484 948 6086 9308 2274 1669
1095.51 24768 4484 948 6085 9308 2275 1668
1096.66 24775 4483 948 6088 9310 2276 1670
1097.75 24780 4484 948 6090 9310 2277 1671
1098.8 24783 4483 947 6090 9312 2278 1673
1099.82 24793 4485 947 6093 9317 2277 1674
1100.9 24790 4483 945 6095 9316 2277 1674
1102.25 24794 4483 945 6096 9317 2278 1675
1103.44 24792 4483 946 6096 9315 2278 1674
1104.53 24797 4483 946 6099 9315 2278 1676
1105.65 24803 4482 944 6100 9319 2280 1678
1106.89 24811 4482 945 6102 9325 2280 1677
1108.05 24814 4481 942 6104 9330 2279 1678
1109.08 24823 4483 943 6107 9334 2279 1677
1110.14 24829 4482 942 6108 9339 2280 1678
1111.16 24840 4483 941 6114 9341 2281 1680
1112.21 24846 4485 940 6117 9345 2280 1679
1114.24 24850 4485 940 6117 9348 2281 1679
1115.3 24851 4485 940 6115 9349 2282 1680
1116.59 24853 4487 940 6112 9350 2282 1682
1117.65 24860 4490 940 6114 9350 2284 1682
1118.8 24860 4489 939 6115 9351 2283 1683
1119.91 24865 4489 938 6118 9353 2284 1683
1120.97 24871 4489 939 6120 9357 2284 1682
1122.03 24874 4488 938 6118 9363 2285 1682
1123.04 24878 4488 938 6120 9364 2286 1682
1124.05 24885 4488 938 6123 9366 2289 1681
1125.06 24897 4490 937 6130 9370 2288 1682
1126.15 24902 4491 938 6130 9372 2289 1682
1127.17 24908 4492 938 6129 9375 2291 1683
1128.22 24913 4492 938 6130 9377 2292 1684
1129.26 24922 4491 938 6132 9384 2291 1686
1130.35 24929 4493 937 6132 9388 2292 1687
1133.28 24932 4494 937 6136 9387 2291 1687
1134.39 24936 4492 938 6140 9384 2294 1688
1135.53 24938 4491 938 6141 9384 2295 1689
1136.57 24940 4491 937 6144 9385 2295 1688
1137.64 24946 4491 938 6149 9385 2294 1689
1138.71 24950 4490 938 6148 9391 2295 1688
1139.76 24957 4492 937 6150 9394 2295 1689
1140.84 24963 4491 939 6153 9393 2297 1690
1141.93 24973 4493 939 6158 9395 2299 1689
1142.95 24978 4493 938 6159 9400 2298 1690
1143.99 24988 4493 938 6161 9407 2298 1691
1145.01 24992 4493 939 6161 9410 2299 1690
1146.03 24993 4493 938 6160 9414 2297 1691
1149 25000 4495 938 6161 9416 2297 1693
1150.03 25005 4495 938 6162 9418 2298 1694
1151.56 25008 4496 937 6164 9418 2298 1695
1152.67 25012 4496 939 6164 9417 2300 1696
1153.86 25016 4496 938 6166 9418 2299 1699
1154.93 25017 4496 937 6170 9415 2301 1698
1155.95 25022 4496 937 6170 9419 2301 1699
1156.96 25027 4497 936 6172 9423 2301 1698
1158.04 25036 4498 935 6177 9424 2302 1700
1159.08 25039 4498 936 6178 9423 2303 1701
1160.09 25045 4498 935 6181 9425 2304 1702
1161.13 25051 4500 935 6181 9428 2305 1702
1162.17 25060 4499 935 6184 9434 2306 1702
1163.24 25065 4498 935 6189 9435 2306 1702
1164.26 25072 4498 934 6191 9439 2306 1704
1167.36 25079 4498 934 6193 9443 2306 1705
1168.37 25083 4498 933 6196 9443 2307 1706
1169.4 25087 4497 933 6197 9449 2306 1705
1170.43 25093 4498 932 6199 9452 2306 1706
1171.47 25092 4497 933 6199 9451 2305 1707
1172.58 25098 4497 933 6202 9452 2306 1708
1173.66 25105 4499 931 6205 9455 2307 1708
1174.71 25112 4500 933 6207 9454 2308 1710
1175.79 25115 4499 933 6210 9453 2308 1712
1176.84 25120 4500 932 6211 9456 2309 1712
1177.92 25127 4501 933 6214 9456 2311 1712
1178.95 25134 4501 933 6214 9462 2311 1713
1180.01 25144 4502 932 6215 9469 2312 1714
1181.06 25152 4502 934 6216 9473 2313 1714
1182.07 25160 4504 934 6219 9473 2315 1715
1183.15 25168 4504 934 6223 9476 2316 1715
1186.63 25173 4506 933 6226 9478 2315 1715
1187.77 25172 4506 933 6227 9477 2315 1714
1188.88 25174 4506 934 6228 9477 2313 1716
1190.08 25179 4507 933 6232 9478 2313 1716
1191.2 25184 4508 933 6234 9477 2315 1717
1192.33 25186 4508 933 6233 9478 2316 1718
1193.36 25193 4508 933 6237 9478 2319 1718
1194.42 25193 4508 931 6240 9478 2319 1717
1195.47 25203 4508 933 6243 9484 2317 1718
1196.47 25209 4507 932 6246 9487 2318 1719
1197.51 25215 4508 931 6247 9490 2319 1720
1198.59 25222 4508 931 6250 9495 2317 1721
