2.0	198.493
4.0	228.5
6.0	213.235
8.0	223.595
10.0	216.121
12.0	235.509
14.0	227.625
16.0	212.175
18.0	241.768
20.0	226.753
22.0	214.233
24.0	256.54
26.0	233.713
28.0	231.612
30.0	231.824
32.0	222.371
34.0	236.34
36.0	221.775
38.0	219.532
40.0	246.786
42.0	214.801
44.0	246.308
46.0	233.731
48.0	220.999
50.0	223.904
52.0	206.878
54.0	231.013
56.0	224.349
58.0	195.224
60.0	240.153
62.0	217.458
64.0	217.59
66.0	216.42
68.0	210.657
70.0	227.967
72.0	209.59
74.0	215.914
76.0	235.959
78.0	218.831
80.0	219.685
82.0	213.674
84.0	224.854
86.0	217.026
88.0	201.894
90.0	216.557
92.0	233.615
94.0	200.734
96.0	226.702
98.0	217.966
100.0	214.651
102.0	190.571
104.0	239.519
106.0	217.053
108.0	216.888
110.0	209.976
112.0	212.105
114.0	231.231
116.0	217.565
118.0	203.547
120.0	224.555
122.0	219.17
124.0	203.917
126.0	229.022
128.0	227.402
130.0	217.189
132.0	214.287
134.0	206.329
136.0	223.343
138.0	214.739
140.0	199.165
142.0	214.261
144.0	230.552
146.0	198.46
148.0	227.969
150.0	218.383
152.0	217.792
154.0	216.178
156.0	199.741
158.0	226.941
160.0	210.237
162.0	196.165
164.0	241.94
166.0	214.698
168.0	214.779
170.0	213.802
172.0	200.091
174.0	229.202
176.0	209.866
178.0	190.389
180.0	243.301
182.0	207.261
184.0	209.217
186.0	211.28
188.0	202.451
190.0	220.921
192.0	206.077
194.0	188.893
196.0	213.532
198.0	242.018
200.0	207.63
202.0	216.648
204.0	215.014
206.0	193.3
208.0	230.049
210.0	205.562
212.0	189.947
214.0	243.41
216.0	211.293
218.0	218.019
220.0	216.886
222.0	191.589
224.0	226.242
226.0	210.099
228.0	189.591
230.0	229.548
232.0	213.309
234.0	210.868
236.0	209.906
238.0	205.876
240.0	217.791
242.0	208.761
244.0	193.004
246.0	243.542
248.0	208.883
250.0	213.417
252.0	212.034
254.0	197.588
256.0	227.323
258.0	208.159
260.0	190.898
262.0	194.478
264.0	241.215
266.0	216.836
268.0	213.42
270.0	211.863
272.0	200.321
274.0	214.196
276.0	220.302
278.0	192.439
280.0	224.06
282.0	216.864
284.0	191.98
286.0	224.765
288.0	214.325
290.0	220.264
292.0	210.945
294.0	195.467
296.0	222.711
298.0	211.145
300.0	190.049
302.0	207.851
304.0	227.446
306.0	193.978
308.0	220.465
310.0	226.322
312.0	206.997
314.0	110.276
316.0	71.289
318.0	73.077
320.0	72.727
322.0	197.108
324.0	225.455
326.0	101.001
328.0	121.105
330.0	121.015
332.0	73.782
334.0	71.877
336.0	73.358
338.0	214.906
340.0	117.995
342.0	111.964
344.0	100.593
346.0	72.246
348.0	73.772
350.0	75.374
352.0	196.519
354.0	181.593
356.0	118.252
358.0	112.12
360.0	115.288
362.0	113.003
364.0	71.752
366.0	91.828
368.0	193.22
370.0	115.818
372.0	111.507
374.0	89.158
376.0	71.829
378.0	70.621
380.0	73.443
382.0	94.885
384.0	253.548
386.0	139.405
388.0	107.308
390.0	71.231
392.0	164.429
394.0	78.947
396.0	72.449
398.0	71.821
400.0	73.244
402.0	183.703
404.0	199.677
406.0	90.149
408.0	69.647
410.0	71.418
412.0	145.707
414.0	186.069
416.0	74.534
418.0	76.454
420.0	75.774
422.0	73.212
424.0	158.472
426.0	229.686
428.0	92.929
430.0	70.45
432.0	68.559
434.0	71.211
436.0	72.15
438.0	72.624
440.0	181.309
442.0	237.378
444.0	121.309
446.0	121.341
448.0	100.208
450.0	76.15
452.0	67.991
454.0	69.134
456.0	68.949
458.0	71.093
460.0	131.152
462.0	239.076
464.0	148.327
466.0	71.341
468.0	73.22
470.0	70.482
472.0	69.908
474.0	70.172
476.0	73.409
478.0	231.598
480.0	208.771
482.0	111.984
484.0	105.938
486.0	86.585
488.0	68.624
490.0	68.391
492.0	67.434
494.0	71.746
496.0	122.029
498.0	221.178
500.0	142.704
502.0	84.176
504.0	133.264
506.0	106.271
508.0	71.22
510.0	69.557
512.0	68.647
514.0	66.638
516.0	220.437
518.0	67.728
520.0	66.029
522.0	68.706
524.0	73.157
526.0	240.438
528.0	162.339
530.0	68.31
532.0	67.924
534.0	67.66
536.0	141.102
538.0	177.471
540.0	115.881
542.0	114.663
544.0	87.969
546.0	65.256
548.0	68.668
550.0	65.624
552.0	120.895
554.0	225.602
556.0	103.223
558.0	87.534
560.0	67.013
562.0	64.118
564.0	65.149
566.0	216.293
568.0	124.65
570.0	116.446
572.0	105.706
574.0	64.574
576.0	64.512
578.0	64.583
580.0	92.481
582.0	222.699
584.0	97.881
586.0	103.972
588.0	93.43
590.0	65.881
592.0	63.682
594.0	64.682
596.0	107.096
598.0	229.616
600.0	103.622
602.0	82.97
604.0	65.819
606.0	64.21
608.0	62.586
610.0	206.127
612.0	107.426
614.0	120.824
616.0	105.166
618.0	82.437
620.0	60.446
622.0	65.873
624.0	62.242
626.0	118.814
628.0	63.028
630.0	61.36
632.0	74.473
634.0	234.971
636.0	173.992
638.0	94.533
640.0	65.093
642.0	63.119
644.0	61.024
646.0	63.893
648.0	60.548
650.0	63.8
652.0	139.902
654.0	232.635
656.0	117.161
658.0	64.339
660.0	59.303
662.0	60.634
664.0	151.966
666.0	151.433
668.0	62.067
670.0	58.437
672.0	60.347
674.0	59.537
676.0	189.413
678.0	151.688
680.0	62.866
682.0	60.785
684.0	62.199
686.0	59.429
688.0	57.756
690.0	122.591
692.0	234.298
694.0	92.95
696.0	61.061
698.0	61.0
700.0	57.513
702.0	58.941
704.0	58.065
706.0	61.144
708.0	201.074
710.0	214.169
712.0	62.671
714.0	125.969
716.0	96.099
718.0	96.196
720.0	75.926
722.0	58.95
724.0	58.744
726.0	57.294
728.0	57.246
730.0	54.741
732.0	96.113
734.0	233.983
736.0	135.002
738.0	59.121
740.0	138.475
742.0	75.261
744.0	56.375
746.0	58.702
748.0	53.051
750.0	52.811
752.0	65.616
754.0	239.309
756.0	132.106
758.0	95.752
760.0	56.301
762.0	54.972
764.0	55.999
766.0	55.173
768.0	163.493
770.0	142.367
772.0	111.103
774.0	88.13
776.0	62.092
778.0	55.307
780.0	57.543
782.0	54.033
784.0	147.509
786.0	158.592
788.0	103.007
790.0	93.902
792.0	75.809
794.0	55.798
796.0	55.987
798.0	55.982
800.0	56.739
802.0	233.613
804.0	67.574
806.0	100.797
808.0	55.117
810.0	57.394
812.0	53.333
814.0	53.314
816.0	54.793
818.0	182.172
820.0	178.328
822.0	95.028
824.0	95.502
826.0	73.456
828.0	52.122
830.0	52.95
832.0	57.631
834.0	52.11
836.0	229.276
838.0	89.494
840.0	54.627
842.0	56.291
844.0	147.812
846.0	56.646
848.0	53.365
850.0	56.583
852.0	54.908
854.0	51.459
856.0	55.204
858.0	185.206
860.0	216.028
862.0	55.675
864.0	120.886
866.0	73.943
868.0	52.322
870.0	52.916
872.0	53.718
874.0	53.497
876.0	185.963
878.0	117.396
880.0	88.851
882.0	102.461
884.0	72.997
886.0	55.495
888.0	52.071
890.0	56.196
892.0	54.419
894.0	72.139
896.0	231.647
898.0	109.58
900.0	90.529
902.0	49.464
904.0	50.962
906.0	50.439
908.0	192.109
910.0	88.535
912.0	85.509
914.0	83.832
916.0	96.134
918.0	90.46
920.0	70.515
922.0	48.055
924.0	48.928
926.0	47.386
928.0	50.374
930.0	144.271
932.0	145.092
934.0	101.84
936.0	48.184
938.0	50.107
940.0	52.989
942.0	52.277
944.0	52.014
946.0	155.186
948.0	204.191
950.0	89.64
952.0	86.414
954.0	72.304
956.0	92.761
958.0	65.004
960.0	50.886
962.0	52.255
964.0	52.644
966.0	215.569
968.0	88.724
970.0	76.31
972.0	51.09
974.0	49.33
976.0	50.887
978.0	50.667
980.0	150.77
982.0	163.669
984.0	89.829
986.0	90.348
988.0	75.41
990.0	48.312
992.0	51.281
994.0	52.64
996.0	56.03
998.0	232.205
1000.0	81.846
1002.0	90.951
1004.0	86.681
1006.0	52.686
1008.0	107.974
1010.0	89.301
1012.0	49.489
1014.0	47.748
1016.0	47.846
1018.0	175.365
1020.0	102.324
1022.0	82.672
1024.0	87.06
1026.0	50.007
1028.0	52.276
1030.0	51.302
1032.0	50.012
1034.0	121.419
1036.0	181.509
1038.0	54.881
1040.0	117.304
1042.0	72.028
1044.0	105.506
1046.0	72.962
1048.0	64.008
1050.0	47.705
1052.0	49.033
1054.0	48.094
1056.0	50.575
1058.0	214.257
1060.0	108.165
1062.0	89.774
1064.0	67.759
1066.0	53.012
1068.0	49.635
1070.0	49.555
1072.0	51.419
1074.0	63.275
1076.0	231.702
1078.0	96.255
1080.0	71.105
1082.0	50.516
1084.0	48.209
1086.0	53.656
1088.0	48.01
1090.0	184.631
1092.0	115.138
1094.0	108.948
1096.0	70.303
1098.0	71.603
1100.0	49.718
1102.0	142.94
1104.0	85.7
1106.0	71.564
1108.0	88.354
1110.0	51.773
1112.0	47.136
1114.0	151.991
1116.0	75.915
1118.0	81.844
1120.0	87.731
1122.0	49.355
1124.0	49.401
1126.0	48.142
1128.0	47.211
1130.0	49.151
1132.0	197.038
1134.0	140.978
1136.0	80.971
1138.0	57.958
1140.0	48.306
1142.0	49.788
1144.0	45.667
1146.0	49.62
1148.0	203.289
1150.0	95.992
1152.0	98.653
1154.0	85.45
1156.0	67.006
1158.0	50.08
1160.0	49.028
1162.0	45.85
1164.0	48.318
1166.0	172.385
1168.0	129.698
1170.0	97.473
1172.0	56.911
1174.0	48.756
1176.0	48.294
1178.0	49.518
1180.0	48.137
1182.0	47.471
1184.0	107.672
1186.0	231.633
1188.0	84.027
1190.0	88.596
1192.0	85.042
1194.0	50.143
1196.0	49.504
1198.0	50.791
