 3621
 3667
 3773
 3782
 3829
 3832
 3834
 3856
 3859
 3860
 3869
 3881
 3891
 3899
 3902
 3905
 3935
 3952
 3964
 3972
 3978
 3991
 3996
 4000
 4001
 4003
 4007
 4022
 4032
 4036
 4039
 4039
 4039
 4040
 4040
 4048
 4053
 4054
 4063
 4070
 4078
 4078
 4089
 4090
 4095
 4097
 4109
 4110
 4116
 4119
 4120
 4121
 4130
 4133
 4138
 4141
 4143
 4156
 4172
 4177
 4181
 4185
 4186
 4189
 4192
 4201
 4212
 4213
 4220
 4224
 4230
 4244
 4248
 4249
 4252
 4259
 4262
 4263
 4275
 4277
 4280
 4284
 4291
 4302
 4310
 4314
 4315
 4316
 4318
 4320
 4321
 4325
 4325
 4327
 4329
 4333
 4334
 4334
 4334
 4339
 4340
 4342
 4347
 4349
 4350
 4354
 4373
 4376
 4378
 4380
 4380
 4381
 4385
 4390
 4390
 4391
 4392
 4392
 4394
 4398
 4400
 4406
 4407
 4408
 4408
 4411
 4433
 4438
 4438
 4442
 4456
 4456
 4459
 4463
 4464
 4470
 4470
 4474
 4476
 4481
 4484
 4487
 4488
 4493
 4502
 4511
 4513
 4513
 4526
 4534
 4540
 4549
 4554
 4556
 4569
 4574
 4576
 4581
 4587
 4626
 4634
 4664
 4676
 4695
 4705
 4708
 4714
 4724
 4729
 4731
 4744
 4757
 4762
 4763
 4783
 4794
 4796
 4824
 4839
 4846
 4865
 4878
 4897
 4897
 4904
 4918
 4926
 4931
 4939
 4959
 4964
 4974
 4976
 4985
 4987
 4997
 5001
 5018
 5097
 5116
 5119
 5120
 5139
 5184
 5225
 5233
 5241
 5329
 5354
 5435
 5469
 5757
 5832
 5839
 5930
 5950
 6134
 6163
 6217
 6274
 6312
 6329
 6437
 6462
 6468
 6503
 6515
 6516
 6671
 6725
 6743
 6781
 6871
 6884
 6894
 6943
 6993
 7171
 7290
 7346
 7349
 7612
 7635
 7663
 7741
 7742
 7807
 7820
 7886
 7930
 7960
 7963
 8000
 8068
 8119
 8177
 8272
 8275
 8309
 8313
 8347
 8371
 8438
 8452
 8545
 8558
 8624
 8632
 8644
 8660
 8671
 8683
 8757
 8807
 8832
 8945
 8971
 9025
 9034
 9075
 9165
 9172
 9192
 9213
 9256
 9274
 9291
 9335
 9367
 9429
 9491
 9521
 9606
 9619
 9666
 9698
 9766
 9804
 9829
 9940
 9999
 10085
 10148
 10157
 10186
 10232
 10240
 10271
 10278
 10288
 10298
 10317
 10435
 10488
 10491
 10526
 10543
 10553
 10630
 10638
 10679
 10804
 10823
 10843
 10885
 10923
 10923
 10958
 10960
 10973
 10992
 11006
 11047
 11061
 11066
 11081
 11111
 11128
 11139
 11202
 11270
 11300
 11317
 11341
 11398
 11573
 11631
 11675
 11751
 11790
 11816
 11832
 11871
 11901
 11934
 12384
 12741
 12879
 12892
 12900
 12941
 12977
 12981
 13006
 13015
 13021
 13103
 13137
 13169
 13176
 13177
 13182
 13246
 13262
 13266
 13282
 13293
 13336
 13340
 13407
 13409
 13447
 13452
 13530
 13539
 13545
 13576
 13607
 13612
 13619
 13658
 13673
 13674
 13687
 13710
 13733
 13748
 13760
 13760
 13808
 13818
 13822
 13845
 13850
 13860
 13903
 13935
 13945
 13956
 13967
 13974
 14051
 14146
 14177
 14177
 14200
 14204
 14238
 14264
 14285
 14289
 14304
 14316
 14330
 14351
 14450
 14459
 14481
 14509
 14562
 14562
 14742
 14807
 14839
 14882
 14970
 15017
 15021
 15037
 15045
 15056
 15077
 15087
 15125
 15145
 15185
 15253
 15258
 15294
 15313
 15323
 15345
 15386
 15389
 15395
 15429
 15500
 15556
 15583
 15616
 15684
 15713
 15864
 15973
 16041
 16051
 16075
 16091
 16142
 16172
 16228
 16266
 16275
 16292
 16303
 16335
 16411
 16420
 16471
 16473
 16531
 16722
 16724
 16821
 17043
 17056
 17113
 17158
 17159
 17336
 17355
 17370
 17372
 17469
 17475
 17484
 17484
 17488
 17531
 17553
 17565
 17585
 17633
 17642
 17658
 17692
 17702
 17722
 17753
 17779
 17831
 17849
 17899
 17939
 17980
 18192
 18196
 18218
 18226
 18328
 18414
 18420
 18432
 18542
 18562
 18574
 18584
 18589
 18608
 18620
 18640
 18667
 18698
 18706
 18741
 18806
 18845
 18923
 18954
 19018
 19043
 19049
 19060
 19072
 19093
 19096
 19140
 19206
 19239
 19245
 19255
 19388
 19393
 19469
 19481
 19518
 19525
 19527
 19626
 19664
 19728
 19811
 19815
 19816
 19824
 19837
 19846
 19858
 19867
 19887
 19907
 19940
 19987
 20007
 20025
 20044
 20079
 20083
 20086
 20193
 20224
 20271
 20283
 20308
 20318
 20390
 20429
 20466
 20475
 20508
 20581
 20594
 20721
 20865
 20867
 21033
 21129
 21260
 21570
 21656
